  0.00000  0.000000E+00
  0.01000  0.353264E+00
  0.02000  0.245176E+00
  0.03000  0.155159E+00
  0.04000  0.932030E-01
  0.05000  0.493900E-01
  0.06000  0.217141E-01
  0.07000  0.860138E-02
  0.08000  0.306807E-02
  0.09000  0.919213E-03
  0.10000  0.616594E-03
  0.11000  0.133145E-02
  0.12000  0.224682E-02
  0.13000  0.971262E-02
  0.14000  0.320668E-01
  0.15000  0.105682E+00
  0.16000  0.618761E-01
  0.17000  0.985741E-01
  0.18000  0.114288E+00
  0.19000  0.937442E-01
  0.20000  0.816221E-01
  0.21000  0.771253E-01
  0.22000  0.701108E-01
  0.23000  0.608963E-01
  0.24000  0.510633E-01
  0.25000  0.413379E-01
  0.26000  0.320561E-01
  0.27000  0.241987E-01
  0.28000  0.182271E-01
  0.29000  0.132209E-01
  0.30000  0.907020E-02
  0.31000  0.591204E-02
  0.32000  0.388619E-02
  0.33000  0.262390E-02
  0.34000  0.173484E-02
  0.35000  0.109830E-02
  0.36000  0.657957E-03
  0.37000  0.404666E-03
  0.38000  0.251684E-03
  0.39000  0.167666E-03
  0.40000  0.138913E-03
  0.41000  0.135237E-03
  0.42000  0.529939E-03
  0.43000  0.546914E+00
  0.44000  0.827116E-02
  0.45000  0.512276E-05
  0.46000  0.249193E-07
  0.47000  0.144705E-08
  0.48000  0.100575E-09
  0.49000  0.168184E-10
  0.50000  0.453339E-11
  0.51000  0.518707E-11
  0.52000  0.742830E-04
  0.53000  0.536388E-06
  0.54000  0.176934E-07
  0.55000  0.110332E-09
  0.56000  0.654554E-10
  0.57000  0.383684E-10
  0.58000  0.683459E-12
  0.59000  0.153399E-11
  0.60000  0.298730E-11
  0.61000  0.493861E-11
  0.62000  0.622886E-11
  0.63000  0.614579E-11
  0.64000  0.569256E-11
  0.65000  0.551971E-11
  0.66000  0.573891E-11
  0.67000  0.481473E-11
  0.68000  0.322882E-11
  0.69000  0.158478E-11
  0.70000  0.701597E-12
  0.71000  0.268970E-12
  0.72000  0.740821E-13
  0.73000  0.195590E-13
  0.74000  0.453176E-14
  0.75000  0.121148E-14
  0.76000  0.202472E-15
  0.77000  0.283451E-16
  0.78000  0.276801E-17
  0.79000  0.334546E-18
  0.80000  0.503883E-19
  0.81000  0.109292E-19
  0.82000  0.115270E-20
  0.83000  0.120422E-21
  0.84000  0.215308E-22
  0.85000  0.441782E-23
  0.86000  0.674798E-24
  0.87000  0.253748E-24
  0.88000  0.816893E-25
  0.89000  0.343465E-25
  0.90000  0.181569E-25
  0.91000  0.132504E-25
  0.92000  0.111019E-25
  0.93000  0.133764E-25
  0.94000  0.178906E-25
  0.95000  0.236633E-25
  0.96000  0.253358E-25
  0.97000  0.219168E-25
  0.98000  0.202353E-25
  0.99000  0.164002E-25
  1.00000  0.969481E-26
  1.01000  0.456106E-26
  1.02000  0.187970E-26
  1.03000  0.695345E-27
  1.04000  0.249062E-27
  1.05000  0.248895E-26
  1.06000  0.454394E-25
  1.07000  0.645331E-24
  1.08000  0.162131E-23
  1.09000  0.514701E-23
  1.10000  0.428929E-23
  1.11000  0.135912E-23
  1.12000  0.278491E-24
  1.13000  0.686904E-25
  1.14000  0.940609E-25
  1.15000  0.142702E-24
  1.16000  0.319842E-24
  1.17000  0.320611E-24
  1.18000  0.378681E-24
  1.19000  0.147440E-24
  1.20000  0.251605E-25
  1.21000  0.550397E-25
  1.22000  0.546175E-24
  1.23000  0.192466E-23
  1.24000  0.494519E-23
  1.25000  0.138054E-22
  1.26000  0.306437E-22
  1.27000  0.142792E-22
  1.28000  0.307956E-24
  1.29000  0.142851E-25
  1.30000  0.106262E-25
  1.31000  0.196786E-25
  1.32000  0.741903E-25
  1.33000  0.372200E-24
  1.34000  0.111523E-23
  1.35000  0.160335E-22
  1.36000  0.100437E-21
  1.37000  0.199676E-21
  1.38000  0.460480E-21
  1.39000  0.147726E-20
  1.40000  0.187638E-19
  1.41000  0.573257E-18
  1.42000  0.125967E-16
  1.43000  0.922873E-16
  1.44000  0.997762E-15
  1.45000  0.177773E-13
  1.46000  0.213049E-12
  1.47000  0.146385E-11
  1.48000  0.116463E-10
  1.49000  0.959408E-10
  1.50000  0.120640E-08
  1.51000  0.935897E-08
  1.52000  0.221636E-07
  1.53000  0.509375E-07
  1.54000  0.109193E-06
  1.55000  0.154190E-06
  1.56000  0.293158E-06
  1.57000  0.836044E-06
  1.58000  0.194364E-05
  1.59000  0.351073E-05
  1.60000  0.425757E-05
  1.61000  0.433698E-05
  1.62000  0.507892E-05
  1.63000  0.604235E-05
  1.64000  0.738156E-05
  1.65000  0.963984E-05
  1.66000  0.109165E-04
  1.67000  0.750015E-05
  1.68000  0.547223E-05
  1.69000  0.386751E-05
  1.70000  0.222782E-05
  1.71000  0.115268E-05
  1.72000  0.838667E-06
  1.73000  0.944763E-06
  1.74000  0.100301E-05
  1.75000  0.838701E-06
  1.76000  0.722740E-06
  1.77000  0.641236E-06
  1.78000  0.525657E-06
  1.79000  0.411464E-06
  1.80000  0.397125E-06
  1.81000  0.440861E-06
  1.82000  0.485812E-06
  1.83000  0.543865E-06
  1.84000  0.599670E-06
  1.85000  0.509390E-06
  1.86000  0.477600E-06
  1.87000  0.387633E-06
  1.88000  0.294820E-06
  1.89000  0.203374E-06
  1.90000  0.203823E-06
  1.91000  0.280666E-06
  1.92000  0.383979E-06
  1.93000  0.522514E-06
  1.94000  0.707491E-06
  1.95000  0.953595E-06
  1.96000  0.127959E-05
  1.97000  0.170904E-05
  1.98000  0.227259E-05
  1.99000  0.301005E-05
  2.00000  0.397242E-05
  2.01000  0.522480E-05
  2.02000  0.685066E-05
  2.03000  0.895580E-05
  2.04000  0.116738E-04
  2.05000  0.151635E-04
  2.06000  0.196216E-04
  2.07000  0.252939E-04
  2.08000  0.324920E-04
  2.09000  0.416109E-04
  2.10000  0.531453E-04
  2.11000  0.677125E-04
  2.12000  0.860787E-04
  2.13000  0.109203E-03
  2.14000  0.138274E-03
  2.15000  0.174764E-03
  2.16000  0.220501E-03
  2.17000  0.277661E-03
  2.18000  0.348686E-03
  2.19000  0.436559E-03
  2.20000  0.545014E-03
  2.21000  0.678689E-03
  2.22000  0.843329E-03
  2.23000  0.104629E-02
  2.24000  0.129654E-02
  2.25000  0.160813E-02
  2.26000  0.201352E-02
  2.27000  0.254474E-02
  2.28000  0.322954E-02
  2.29000  0.409675E-02
  2.30000  0.518898E-02
  2.31000  0.655164E-02
  2.32000  0.823604E-02
  2.33000  0.103051E-01
  2.34000  0.128376E-01
  2.35000  0.159267E-01
  2.36000  0.202907E-01
  2.37000  0.250150E-01
  2.38000  0.307007E-01
  2.39000  0.375070E-01
  2.40000  0.456113E-01
  2.41000  0.552125E-01
  2.42000  0.665367E-01
  2.43000  0.798115E-01
  2.44000  0.952273E-01
  2.45000  0.112964E+00
  2.46000  0.140009E+00
  2.47000  0.164164E+00
  2.48000  0.191304E+00
  2.49000  0.221615E+00
  2.50000  0.255169E+00
  2.51000  0.291950E+00
  2.52000  0.331914E+00
  2.53000  0.374902E+00
  2.54000  0.420663E+00
  2.55000  0.468784E+00
  2.56000  0.543203E+00
  2.57000  0.595983E+00
  2.58000  0.648985E+00
  2.59000  0.701326E+00
  2.60000  0.752069E+00
  2.61000  0.800244E+00
  2.62000  0.844839E+00
  2.63000  0.884759E+00
  2.64000  0.919083E+00
  2.65000  0.947004E+00
  2.66000  0.988833E+00
  2.67000  0.998599E+00
  2.68000  0.100000E+01
  2.69000  0.992927E+00
  2.70000  0.977508E+00
  2.71000  0.954088E+00
  2.72000  0.923221E+00
  2.73000  0.885649E+00
  2.74000  0.842298E+00
  2.75000  0.794222E+00
  2.76000  0.717317E+00
  2.77000  0.282883E-08
  2.78000  0.338861E-08
  2.79000  0.503779E-08
  2.80000  0.788113E-08
  2.81000  0.112968E-07
  2.82000  0.157510E-07
  2.83000  0.212766E-07
  2.84000  0.273292E-07
  2.85000  0.440111E-07
  2.86000  0.540204E-07
  2.87000  0.605795E-07
  2.88000  0.664353E-07
  2.89000  0.885391E-07
  2.90000  0.124310E-06
  2.91000  0.212739E-06
  2.92000  0.328696E-06
  2.93000  0.517457E-06
  2.94000  0.796708E-06
  2.95000  0.129100E-05
  2.96000  0.321706E-05
  2.97000  0.635434E-05
  2.98000  0.101599E-04
  2.99000  0.157471E-04
  3.00000  0.242544E-04
 0.36031163E+03  0.19297451E+03
 0.39340148E+03  0.19297451E+03
 0.42649132E+03  0.19297451E+03
 0.45958116E+03  0.19297451E+03
 0.49267101E+03  0.19297451E+03
 0.52576085E+03  0.19297451E+03
 0.55885069E+03  0.19297451E+03
 0.59194054E+03  0.19297451E+03
 0.62503038E+03  0.19297451E+03
 0.65812023E+03  0.19297451E+03
 0.69121007E+03  0.19297451E+03
 0.72429991E+03  0.19297451E+03
 0.75738976E+03  0.19297451E+03
 0.79047960E+03  0.19297451E+03
 0.82356944E+03  0.19297451E+03
 0.85665929E+03  0.19297451E+03
 0.88974913E+03  0.19297451E+03
 0.92283898E+03  0.19297451E+03
 0.95592882E+03  0.19297451E+03
 0.98901866E+03  0.19297451E+03
 0.10221085E+04  0.19297451E+03
 0.10551984E+04  0.19297451E+03
 0.10882882E+04  0.19297451E+03
 0.11213780E+04  0.19297451E+03
 0.11544679E+04  0.19297451E+03
 0.11875577E+04  0.19297451E+03
 0.12206476E+04  0.19297451E+03
 0.12537374E+04  0.19297451E+03
 0.12868273E+04  0.19297451E+03
 0.13199171E+04  0.19297451E+03
 0.13530069E+04  0.19297451E+03
 0.13860968E+04  0.19297451E+03
 0.14191866E+04  0.19297451E+03
 0.14522765E+04  0.19297451E+03
 0.14853663E+04  0.19297451E+03
 0.15184562E+04  0.19297451E+03
 0.15515460E+04  0.19297451E+03
 0.15846359E+04  0.19297451E+03
 0.16177257E+04  0.19297451E+03
 0.16508155E+04  0.19297451E+03
 0.16839054E+04  0.19297451E+03
 0.17169952E+04  0.19297451E+03
 0.17500851E+04  0.19297451E+03
 0.17831749E+04  0.19297451E+03
 0.18162648E+04  0.19297451E+03
 0.18493546E+04  0.19297451E+03
 0.18824444E+04  0.19297451E+03
 0.19155343E+04  0.19297451E+03
 0.19486241E+04  0.19297451E+03
 0.19817140E+04  0.19297451E+03
 0.20148038E+04  0.19297451E+03
 0.20478937E+04  0.19297451E+03
 0.20809835E+04  0.19297451E+03
 0.21140734E+04  0.19297451E+03
 0.21471632E+04  0.19297451E+03
 0.21802530E+04  0.19297451E+03
 0.22059896E+04  0.19297451E+03
 0.22354028E+04  0.19297451E+03
 0.22684926E+04  0.19297451E+03
 0.23015825E+04  0.19297451E+03
 0.23346723E+04  0.19297451E+03
 0.23677622E+04  0.19297451E+03
 0.24008520E+04  0.19297451E+03
 0.24339418E+04  0.19297451E+03
 0.24670317E+04  0.19297451E+03
 0.25001215E+04  0.19297451E+03
 0.25332114E+04  0.19297451E+03
 0.25663012E+04  0.19297451E+03
 0.25883611E+04  0.19297451E+03
 0.26214510E+04  0.19297451E+03
 0.26545408E+04  0.19297451E+03
 0.26876306E+04  0.19297451E+03
 0.27207205E+04  0.19297451E+03
 0.27538103E+04  0.19297451E+03
 0.27869002E+04  0.19297451E+03
 0.28199900E+04  0.19297451E+03
 0.28530799E+04  0.19297451E+03
 0.28861697E+04  0.19297451E+03
 0.29192595E+04  0.19297451E+03
 0.29523494E+04  0.19297451E+03
 0.29854392E+04  0.19297451E+03
 0.30185291E+04  0.19297451E+03
 0.30516189E+04  0.19297451E+03
 0.30847088E+04  0.19297451E+03
 0.31177986E+04  0.19297451E+03
 0.31508885E+04  0.19297451E+03
 0.31839783E+04  0.19297451E+03
 0.32170681E+04  0.19297451E+03
 0.32501580E+04  0.19297451E+03
 0.32832478E+04  0.19297451E+03
 0.33089844E+04  0.19297451E+03
 0.33383976E+04  0.19297451E+03
 0.33604575E+04  0.23526943E+02
 0.33935473E+04  0.23109814E+02
 0.34192839E+04  0.23023313E+02
 0.34486970E+04  0.22892224E+02
 0.34707569E+04  0.22889630E+02
 0.35038468E+04  0.22787120E+02
 0.35295833E+04  0.22780692E+02
 0.35589965E+04  0.22773916E+02
 0.35810564E+04  0.22648563E+02
 0.36141463E+04  0.22637539E+02
 0.36398828E+04  0.22629164E+02
 0.36692960E+04  0.22619804E+02
 0.36913559E+04  0.22614359E+02
 0.37244457E+04  0.22605812E+02
 0.37501823E+04  0.22599363E+02
 0.37795955E+04  0.22419882E+02
 0.38016554E+04  0.22411644E+02
 0.38347452E+04  0.22399462E+02
 0.38604818E+04  0.22390131E+02
 0.38898950E+04  0.22379624E+02
 0.39119549E+04  0.22371852E+02
 0.39450447E+04  0.22360361E+02
 0.39707813E+04  0.22351563E+02
 0.40001944E+04  0.22341658E+02
 0.40222543E+04  0.22334333E+02
 0.40553442E+04  0.22323884E+02
 0.40810807E+04  0.22316477E+02
 0.41104939E+04  0.22308159E+02
 0.41325538E+04  0.22302454E+02
 0.41656437E+04  0.22294431E+02
 0.41913802E+04  0.22288332E+02
 0.42207934E+04  0.22281515E+02
 0.42428533E+04  0.22276508E+02
 0.42759431E+04  0.22269166E+02
 0.43016797E+04  0.22263594E+02
 0.43310929E+04  0.22257378E+02
 0.43531528E+04  0.22252819E+02
 0.43862426E+04  0.22246145E+02
 0.44119792E+04  0.22241093E+02
 0.44413924E+04  0.22236482E+02
 0.44634523E+04  0.22233127E+02
 0.45590451E+04  0.21832999E+02
 0.46693446E+04  0.21789194E+02
 0.47796441E+04  0.21746716E+02
 0.48899436E+04  0.21710239E+02
 0.50002431E+04  0.21675074E+02
 0.51105425E+04  0.21641179E+02
 0.52208420E+04  0.21608324E+02
 0.53311415E+04  0.21576557E+02
 0.54414410E+04  0.21545927E+02
 0.55517405E+04  0.21516447E+02
 0.56620399E+04  0.21488132E+02
 0.57723394E+04  0.21460858E+02
 0.58826389E+04  0.21434595E+02
 0.59929384E+04  0.21409166E+02
 0.61032378E+04  0.21384690E+02
 0.62135373E+04  0.21361144E+02
 0.63238368E+04  0.21338609E+02
 0.64341363E+04  0.21317014E+02
 0.65444358E+04  0.21296290E+02
 0.66547352E+04  0.21277670E+02
 0.67650347E+04  0.21262479E+02
 0.68753342E+04  0.21248242E+02
 0.69856337E+04  0.21234952E+02
 0.70959332E+04  0.21225081E+02
 0.72062326E+04  0.21216254E+02
 0.73165321E+04  0.21208476E+02
 0.74268316E+04  0.21201881E+02
 0.75371311E+04  0.21196422E+02
 0.76474306E+04  0.21192050E+02
 0.77577300E+04  0.21187892E+02
 0.78680295E+04  0.21182990E+02
 0.79783290E+04  0.21179086E+02
 0.80886285E+04  0.21176194E+02
 0.81989280E+04  0.21171175E+02
 0.83092274E+04  0.21167044E+02
 0.84195269E+04  0.21163817E+02
 0.85298264E+04  0.21160052E+02
 0.86401259E+04  0.21156408E+02
 0.87504253E+04  0.21153597E+02
 0.88607248E+04  0.21150861E+02
 0.89710243E+04  0.21147363E+02
 0.90813238E+04  0.21144632E+02
 0.91916233E+04  0.21142673E+02
 0.93019227E+04  0.21138687E+02
 0.94122222E+04  0.21135374E+02
 0.95225217E+04  0.21132746E+02
 0.96328212E+04  0.21128814E+02
 0.97431207E+04  0.21124487E+02
 0.98534201E+04  0.21120744E+02
 0.99637196E+04  0.21116435E+02
 0.10074019E+05  0.21110319E+02
 0.10184319E+05  0.21104680E+02
 0.10294618E+05  0.21099517E+02
 0.10404918E+05  0.21092136E+02
 0.10515217E+05  0.21085152E+02
 0.10625516E+05  0.21078568E+02
 0.10691696E+05  0.21073969E+02
 0.10735816E+05  0.21070272E+02
 0.10779936E+05  0.21066625E+02
 0.10824056E+05  0.21063029E+02
 0.10868175E+05  0.21059483E+02
 0.10912295E+05  0.21055988E+02
 0.10956415E+05  0.21052543E+02
 0.11000535E+05  0.21048425E+02
 0.11044655E+05  0.21044350E+02
 0.11088774E+05  0.21040319E+02
 0.11132894E+05  0.21035844E+02
 0.11177014E+05  0.21031162E+02
 0.11221134E+05  0.21026519E+02
 0.11265253E+05  0.21021790E+02
 0.11309373E+05  0.21016851E+02
 0.11353493E+05  0.21011946E+02
 0.11397613E+05  0.21007076E+02
 0.11441733E+05  0.21001866E+02
 0.11485852E+05  0.20996689E+02
 0.11529972E+05  0.20991545E+02
 0.11574092E+05  0.20985928E+02
 0.11618212E+05  0.20980088E+02
 0.11662332E+05  0.20974277E+02
 0.11706451E+05  0.20968241E+02
 0.11750571E+05  0.20961724E+02
 0.11794691E+05  0.20955231E+02
 0.11838811E+05  0.20948765E+02
 0.11882931E+05  0.20942707E+02
 0.11927050E+05  0.20936675E+02
 0.11971170E+05  0.20930670E+02
 0.12015290E+05  0.20923922E+02
 0.12059410E+05  0.20916812E+02
 0.12103530E+05  0.20909726E+02
 0.12147649E+05  0.20902407E+02
 0.12191769E+05  0.20894596E+02
 0.12235889E+05  0.20886807E+02
 0.12280009E+05  0.20879042E+02
 0.12324128E+05  0.20871300E+02
 0.12368248E+05  0.20863580E+02
 0.12412368E+05  0.20855883E+02
 0.12456488E+05  0.20848981E+02
 0.12500608E+05  0.20842490E+02
 0.12544727E+05  0.20836022E+02
 0.12588847E+05  0.20828675E+02
 0.12632967E+05  0.20819546E+02
 0.12677087E+05  0.20810441E+02
 0.12721207E+05  0.20801362E+02
 0.12765326E+05  0.20790385E+02
 0.12809446E+05  0.20779442E+02
 0.12853566E+05  0.20768533E+02
 0.12897686E+05  0.20768111E+02
 0.12941806E+05  0.20773057E+02
 0.12985925E+05  0.20778169E+02
 0.13030045E+05  0.20782787E+02
 0.13074165E+05  0.20786221E+02
 0.13118285E+05  0.20789787E+02
 0.13162405E+05  0.20793486E+02
 0.13206524E+05  0.20785383E+02
 0.13250644E+05  0.20777304E+02
 0.13294764E+05  0.20769248E+02
 0.13338884E+05  0.20761761E+02
 0.13383003E+05  0.20754569E+02
 0.13427123E+05  0.20747400E+02
 0.13471243E+05  0.20687484E+02
 0.13515363E+05  0.20535893E+02
 0.13559483E+05  0.20401315E+02
 0.13603602E+05  0.20280172E+02
 0.13647722E+05  0.20180375E+02
 0.13691842E+05  0.20087908E+02
 0.13735962E+05  0.20001701E+02
 0.13780082E+05  0.20061202E+02
 0.13824201E+05  0.20208084E+02
 0.13868321E+05  0.20380437E+02
 0.13912441E+05  0.20506775E+02
 0.13956561E+05  0.20484530E+02
 0.14000681E+05  0.20462523E+02
 0.14044800E+05  0.20440748E+02
 0.14088920E+05  0.20392916E+02
 0.14133040E+05  0.20346600E+02
 0.14177160E+05  0.20301696E+02
 0.14221280E+05  0.20295752E+02
 0.14265399E+05  0.20309169E+02
 0.14309519E+05  0.20322989E+02
 0.14353639E+05  0.20331588E+02
 0.14397759E+05  0.20329076E+02
 0.14441878E+05  0.20326602E+02
 0.14485998E+05  0.20324167E+02
 0.14530118E+05  0.20313717E+02
 0.14574238E+05  0.20303304E+02
 0.14618358E+05  0.20292926E+02
 0.14662477E+05  0.20267447E+02
 0.14706597E+05  0.20234951E+02
 0.14750717E+05  0.20203084E+02
 0.14794837E+05  0.20181496E+02
 0.14838957E+05  0.20179487E+02
 0.14883076E+05  0.20177519E+02
 0.14927196E+05  0.20175590E+02
 0.14971316E+05  0.20177003E+02
 0.15015436E+05  0.20178494E+02
 0.15059556E+05  0.20180064E+02
 0.15103675E+05  0.20181715E+02
 0.15147795E+05  0.20183447E+02
 0.15191915E+05  0.20185262E+02
 0.15236035E+05  0.20179960E+02
 0.15280155E+05  0.20160411E+02
 0.15324274E+05  0.20141044E+02
 0.15368394E+05  0.20121855E+02
 0.15412514E+05  0.20125070E+02
 0.15456634E+05  0.20128390E+02
 0.15500753E+05  0.20131815E+02
 0.15544873E+05  0.20132650E+02
 0.15588993E+05  0.20132197E+02
 0.15633113E+05  0.20131796E+02
 0.15677233E+05  0.20136512E+02
 0.15721352E+05  0.20151665E+02
 0.15765472E+05  0.20167265E+02
 0.15809592E+05  0.20183328E+02
 0.15853712E+05  0.20149456E+02
 0.15897832E+05  0.20116300E+02
 0.15941951E+05  0.20083826E+02
 0.15986071E+05  0.20075038E+02
 0.16030191E+05  0.20077953E+02
 0.16074311E+05  0.20080961E+02
 0.16118431E+05  0.20082469E+02
 0.16162550E+05  0.20080840E+02
 0.16206670E+05  0.20079248E+02
 0.16250790E+05  0.20077695E+02
 0.16294910E+05  0.20068424E+02
 0.16339030E+05  0.20059184E+02
 0.16383149E+05  0.20049975E+02
 0.16427269E+05  0.20042286E+02
 0.16471389E+05  0.20035366E+02
 0.16515509E+05  0.20028467E+02
 0.16559628E+05  0.20022970E+02
 0.16603748E+05  0.20020262E+02
 0.16647868E+05  0.20017583E+02
 0.16691988E+05  0.20014933E+02
 0.16736108E+05  0.20009734E+02
 0.16780227E+05  0.20004555E+02
 0.16824347E+05  0.19999397E+02
 0.16868467E+05  0.19999643E+02
 0.16912587E+05  0.20002659E+02
 0.16956707E+05  0.20005766E+02
 0.17000826E+05  0.20003887E+02
 0.17044946E+05  0.19991923E+02
 0.17089066E+05  0.19980017E+02
 0.17133186E+05  0.19968165E+02
 0.17177306E+05  0.19972955E+02
 0.17221425E+05  0.19977865E+02
 0.17265545E+05  0.19982896E+02
 0.17309665E+05  0.19983785E+02
 0.17353785E+05  0.19982592E+02
 0.17397905E+05  0.19981435E+02
 0.17442024E+05  0.19979296E+02
 0.17486144E+05  0.19975142E+02
 0.17530264E+05  0.19971009E+02
 0.17574384E+05  0.19966896E+02
 0.17618503E+05  0.19970001E+02
 0.17662623E+05  0.19973192E+02
 0.17706743E+05  0.19976472E+02
 0.17750863E+05  0.19907412E+02
 0.17794983E+05  0.19809247E+02
 0.17839102E+05  0.19718407E+02
 0.17883222E+05  0.19685999E+02
 0.17927342E+05  0.19763958E+02
 0.17971462E+05  0.19848863E+02
 0.18015582E+05  0.19941973E+02
 0.18059701E+05  0.19882379E+02
 0.18103821E+05  0.19825387E+02
 0.18147941E+05  0.19770763E+02
 0.18192061E+05  0.19696238E+02
 0.18236181E+05  0.19615646E+02
 0.18280300E+05  0.19539960E+02
 0.18324420E+05  0.19469678E+02
 0.18368540E+05  0.19405160E+02
 0.18412660E+05  0.19343730E+02
 0.18456780E+05  0.19285083E+02
 0.18500899E+05  0.19439748E+02
 0.18545019E+05  0.19622095E+02
 0.18589139E+05  0.19843749E+02
 0.18633259E+05  0.19922509E+02
 0.18677378E+05  0.19911984E+02
 0.18721498E+05  0.19901504E+02
 0.18765618E+05  0.19899564E+02
 0.18809738E+05  0.19914896E+02
 0.18853858E+05  0.19930637E+02
 0.18897977E+05  0.19946803E+02
 0.18942097E+05  0.19942287E+02
 0.18986217E+05  0.19937788E+02
 0.19030337E+05  0.19933306E+02
 0.19074457E+05  0.19925742E+02
 0.19118576E+05  0.19916659E+02
 0.19162696E+05  0.19907607E+02
 0.19206816E+05  0.19902677E+02
 0.19250936E+05  0.19905987E+02
 0.19295056E+05  0.19909379E+02
 0.19339175E+05  0.19912852E+02
 0.19383295E+05  0.19892123E+02
 0.19427415E+05  0.19871636E+02
 0.19471535E+05  0.19851386E+02
 0.19515655E+05  0.19853874E+02
 0.19559774E+05  0.19867940E+02
 0.19603894E+05  0.19882360E+02
 0.19648014E+05  0.19890900E+02
 0.19692134E+05  0.19887084E+02
 0.19736253E+05  0.19883284E+02
 0.19780373E+05  0.19879503E+02
 0.19824493E+05  0.19887375E+02
 0.19868613E+05  0.19895413E+02
 0.19912733E+05  0.19903622E+02
 0.19956852E+05  0.19902568E+02
 0.20000972E+05  0.19896838E+02
 0.20045092E+05  0.19891124E+02
 0.20089212E+05  0.19884325E+02
 0.20133332E+05  0.19875350E+02
 0.20177451E+05  0.19866406E+02
 0.20221571E+05  0.19857494E+02
 0.20265691E+05  0.19858420E+02
 0.20309811E+05  0.19859392E+02
 0.20353931E+05  0.19860409E+02
 0.20398050E+05  0.19859528E+02
 0.20442170E+05  0.19857702E+02
 0.20486290E+05  0.19855899E+02
 0.20530410E+05  0.19854119E+02
 0.20574530E+05  0.19852361E+02
 0.20618649E+05  0.19850628E+02
 0.20662769E+05  0.19848917E+02
 0.20706889E+05  0.19846805E+02
 0.20751009E+05  0.19844714E+02
 0.20795128E+05  0.19842644E+02
 0.20839248E+05  0.19840026E+02
 0.20883368E+05  0.19837142E+02
 0.20927488E+05  0.19834276E+02
 0.20971608E+05  0.19831570E+02
 0.21015727E+05  0.19829168E+02
 0.21059847E+05  0.19826786E+02
 0.21103967E+05  0.19824423E+02
 0.21148087E+05  0.19821214E+02
 0.21192207E+05  0.19818022E+02
 0.21236326E+05  0.19814847E+02
 0.21280446E+05  0.19811687E+02
 0.21324566E+05  0.19808544E+02
 0.21368686E+05  0.19805417E+02
 0.21412806E+05  0.19802161E+02
 0.21456925E+05  0.19798630E+02
 0.21501045E+05  0.19795115E+02
 0.21545165E+05  0.19791615E+02
 0.21589285E+05  0.19789003E+02
 0.21633405E+05  0.19786409E+02
 0.21677524E+05  0.19783832E+02
 0.21721644E+05  0.19780979E+02
 0.21765764E+05  0.19777997E+02
 0.21809884E+05  0.19775030E+02
 0.21854003E+05  0.19772079E+02
 0.21898123E+05  0.19769143E+02
 0.21942243E+05  0.19766224E+02
 0.21986363E+05  0.19763321E+02
 0.22030483E+05  0.19761320E+02
 0.22074602E+05  0.19759338E+02
 0.22118722E+05  0.19757374E+02
 0.22162842E+05  0.19755430E+02
 0.22206962E+05  0.19753505E+02
 0.22251082E+05  0.19751599E+02
 0.22295201E+05  0.19749711E+02
 0.22339321E+05  0.19747843E+02
 0.22383441E+05  0.19745993E+02
 0.22427561E+05  0.19744163E+02
 0.22471681E+05  0.19741898E+02
 0.22515800E+05  0.19739650E+02
 0.22559920E+05  0.19737419E+02
 0.22604040E+05  0.19735509E+02
 0.22648160E+05  0.19733770E+02
 0.22692280E+05  0.19732050E+02
 0.22736399E+05  0.19730349E+02
 0.22780519E+05  0.19728668E+02
 0.22824639E+05  0.19727005E+02
 0.22868759E+05  0.19725361E+02
 0.22912878E+05  0.19723737E+02
 0.22956998E+05  0.19722131E+02
 0.23001118E+05  0.19720545E+02
 0.23045238E+05  0.19718979E+02
 0.23089358E+05  0.19717431E+02
 0.23133477E+05  0.19715902E+02
 0.23177597E+05  0.19714237E+02
 0.23221717E+05  0.19712275E+02
 0.23265837E+05  0.19710331E+02
 0.23309957E+05  0.19708404E+02
 0.23354076E+05  0.19706494E+02
 0.23398196E+05  0.19704602E+02
 0.23442316E+05  0.19702727E+02
 0.23486436E+05  0.19701187E+02
 0.23530556E+05  0.19699825E+02
 0.23574675E+05  0.19698482E+02
 0.23618795E+05  0.19696999E+02
 0.23662915E+05  0.19695214E+02
 0.23707035E+05  0.19693445E+02
 0.23751155E+05  0.19691695E+02
 0.23795274E+05  0.19689961E+02
 0.23839394E+05  0.19688245E+02
 0.23883514E+05  0.19686546E+02
 0.23927634E+05  0.19684865E+02
 0.23971753E+05  0.19683201E+02
 0.24015873E+05  0.19681555E+02
 0.24059993E+05  0.19679926E+02
 0.24104113E+05  0.19678314E+02
 0.24148233E+05  0.19676720E+02
 0.24192352E+05  0.19675143E+02
 0.24236472E+05  0.19673584E+02
 0.24280592E+05  0.19672042E+02
 0.24324712E+05  0.19670518E+02
 0.24368832E+05  0.19669011E+02
 0.24412951E+05  0.19667522E+02
 0.24457071E+05  0.19666050E+02
 0.24501191E+05  0.19664596E+02
 0.24545311E+05  0.19663160E+02
 0.24589431E+05  0.19661741E+02
 0.24633550E+05  0.19660340E+02
 0.24677670E+05  0.19658450E+02
 0.24721790E+05  0.19656575E+02
 0.24765910E+05  0.19654716E+02
 0.24810030E+05  0.19653213E+02
 0.24854149E+05  0.19651896E+02
 0.24898269E+05  0.19650597E+02
 0.24942389E+05  0.19649144E+02
 0.24986509E+05  0.19647366E+02
 0.25030628E+05  0.19645604E+02
 0.25074748E+05  0.19643857E+02
 0.25118868E+05  0.19642642E+02
 0.25162988E+05  0.19641445E+02
 0.25207108E+05  0.19640266E+02
 0.25251227E+05  0.19638758E+02
 0.25295347E+05  0.19637092E+02
 0.25339467E+05  0.19635442E+02
 0.25383587E+05  0.19633807E+02
 0.25427707E+05  0.19632188E+02
 0.25471826E+05  0.19630584E+02
 0.25515946E+05  0.19628996E+02
 0.25560066E+05  0.19627423E+02
 0.25604186E+05  0.19625866E+02
 0.25648306E+05  0.19624324E+02
 0.25692425E+05  0.19622798E+02
 0.25736545E+05  0.19621287E+02
 0.25780665E+05  0.19619792E+02
 0.25824785E+05  0.19618490E+02
 0.25868905E+05  0.19617561E+02
 0.25913024E+05  0.19616651E+02
 0.25957144E+05  0.19615759E+02
 0.26001264E+05  0.19614345E+02
 0.26045384E+05  0.19612946E+02
 0.26089503E+05  0.19611563E+02
 0.26133623E+05  0.19610195E+02
 0.26177743E+05  0.19608842E+02
 0.26221863E+05  0.19607505E+02
 0.26265983E+05  0.19606184E+02
 0.26310102E+05  0.19604877E+02
 0.26354222E+05  0.19603587E+02
 0.26398342E+05  0.19602311E+02
 0.26442462E+05  0.19601051E+02
 0.26486582E+05  0.19599807E+02
 0.26530701E+05  0.19598577E+02
 0.26574821E+05  0.19597363E+02
 0.26618941E+05  0.19596165E+02
 0.26663061E+05  0.19594981E+02
 0.26707181E+05  0.19593813E+02
 0.26751300E+05  0.19592660E+02
 0.26795420E+05  0.19591523E+02
 0.26839540E+05  0.19590400E+02
 0.26883660E+05  0.19588730E+02
 0.26927780E+05  0.19587072E+02
 0.26971899E+05  0.19585427E+02
 0.27016019E+05  0.19584173E+02
 0.27060139E+05  0.19583122E+02
 0.27104259E+05  0.19582087E+02
 0.27148378E+05  0.19581066E+02
 0.27192498E+05  0.19580060E+02
 0.27236618E+05  0.19579070E+02
 0.27280738E+05  0.19578095E+02
 0.27324858E+05  0.19576558E+02
 0.27368977E+05  0.19575035E+02
 0.27413097E+05  0.19573524E+02
 0.27457217E+05  0.19572411E+02
 0.27501337E+05  0.19571506E+02
 0.27545457E+05  0.19570615E+02
 0.27589576E+05  0.19569739E+02
 0.27633696E+05  0.19568879E+02
 0.27677816E+05  0.19568032E+02
 0.27721936E+05  0.19567201E+02
 0.27766056E+05  0.19566384E+02
 0.27810175E+05  0.19565582E+02
 0.27854295E+05  0.19564795E+02
 0.27898415E+05  0.19563627E+02
 0.27942535E+05  0.19562273E+02
 0.27986655E+05  0.19560931E+02
 0.28030774E+05  0.19559602E+02
 0.28074894E+05  0.19558284E+02
 0.28119014E+05  0.19556977E+02
 0.28163134E+05  0.19555683E+02
 0.28207253E+05  0.19555001E+02
 0.28251373E+05  0.19554333E+02
 0.28295493E+05  0.19553680E+02
 0.28339613E+05  0.19552637E+02
 0.28383733E+05  0.19551404E+02
 0.28427852E+05  0.19550182E+02
 0.28471972E+05  0.19549175E+02
 0.28516092E+05  0.19548586E+02
 0.28560212E+05  0.19548012E+02
 0.28604332E+05  0.19547451E+02
 0.28648451E+05  0.19546289E+02
 0.28692571E+05  0.19545138E+02
 0.28736691E+05  0.19543997E+02
 0.28780811E+05  0.19542868E+02
 0.28824931E+05  0.19541749E+02
 0.28869050E+05  0.19540640E+02
 0.28913170E+05  0.19539750E+02
 0.28957290E+05  0.19539288E+02
 0.29001410E+05  0.19538839E+02
 0.29045530E+05  0.19538403E+02
 0.29089649E+05  0.19537350E+02
 0.29133769E+05  0.19536308E+02
 0.29177889E+05  0.19535276E+02
 0.29236715E+05  0.19533916E+02
 0.29302895E+05  0.19532407E+02
 0.29369075E+05  0.19530919E+02
 0.29449961E+05  0.19529344E+02
 0.29560260E+05  0.19527600E+02
 0.29670560E+05  0.19525922E+02
 0.29780859E+05  0.19524307E+02
 0.29891159E+05  0.19522099E+02
 0.30001458E+05  0.19519944E+02
 0.30111758E+05  0.19517841E+02
 0.30222057E+05  0.19515787E+02
 0.30332357E+05  0.19513782E+02
 0.30442656E+05  0.19511823E+02
 0.30552956E+05  0.19509909E+02
 0.30663255E+05  0.19508038E+02
 0.30773555E+05  0.19506207E+02
 0.30883854E+05  0.19504417E+02
 0.30994154E+05  0.19501971E+02
 0.31104453E+05  0.19499555E+02
 0.31214753E+05  0.19497164E+02
 0.31325052E+05  0.19495265E+02
 0.31435352E+05  0.19493628E+02
 0.31545651E+05  0.19492019E+02
 0.31655951E+05  0.19490197E+02
 0.31766250E+05  0.19487917E+02
 0.31876549E+05  0.19485651E+02
 0.31986849E+05  0.19483396E+02
 0.32097148E+05  0.19481150E+02
 0.32207448E+05  0.19478912E+02
 0.32317747E+05  0.19476677E+02
 0.32428047E+05  0.19474446E+02
 0.32538346E+05  0.19472215E+02
 0.32648646E+05  0.19469982E+02
 0.32758945E+05  0.19467744E+02
 0.32869245E+05  0.19465501E+02
 0.32979544E+05  0.19463248E+02
 0.33089844E+05  0.19460985E+02
 0.33200143E+05  0.19458709E+02
 0.33310443E+05  0.19456417E+02
 0.33420742E+05  0.19454108E+02
 0.33531042E+05  0.19451780E+02
 0.33641341E+05  0.19449430E+02
 0.33751641E+05  0.19447057E+02
 0.33861940E+05  0.19444657E+02
 0.33972240E+05  0.19442230E+02
 0.34082539E+05  0.19439774E+02
 0.34192839E+05  0.19437285E+02
 0.34303138E+05  0.19434764E+02
 0.34413438E+05  0.19432205E+02
 0.34523737E+05  0.19429612E+02
 0.34634036E+05  0.19426441E+02
 0.34744336E+05  0.19422957E+02
 0.34854635E+05  0.19419424E+02
 0.34964935E+05  0.19416115E+02
 0.35075234E+05  0.19413298E+02
 0.35185534E+05  0.19410438E+02
 0.35295833E+05  0.19407527E+02
 0.35406133E+05  0.19403745E+02
 0.35516432E+05  0.19399904E+02
 0.35626732E+05  0.19396011E+02
 0.35737031E+05  0.19392057E+02
 0.35847331E+05  0.19388048E+02
 0.35957630E+05  0.19383977E+02
 0.36067930E+05  0.19379850E+02
 0.36178229E+05  0.19375661E+02
 0.36288529E+05  0.19371413E+02
 0.36398828E+05  0.19367103E+02
 0.36509128E+05  0.19360206E+02
 0.36619427E+05  0.19353242E+02
 0.36729727E+05  0.19346215E+02
 0.36913559E+05  0.19389864E+02
 0.37134158E+05  0.19346058E+02
 0.37354757E+05  0.19364072E+02
 0.37575356E+05  0.19357026E+02
 0.37795955E+05  0.19355730E+02
 0.38016554E+05  0.19361460E+02
 0.38237153E+05  0.19327954E+02
 0.38457752E+05  0.19335079E+02
 0.38678351E+05  0.19334269E+02
 0.38898950E+05  0.19317634E+02
 0.40443142E+05  0.19299192E+02
 0.42649132E+05  0.19269673E+02
 0.44855122E+05  0.19237918E+02
 0.47061111E+05  0.19208597E+02
 0.49267101E+05  0.19263323E+02
 0.51473090E+05  0.19346576E+02
 0.53679080E+05  0.19435580E+02
 0.55885069E+05  0.19479615E+02
 0.58091059E+05  0.19430988E+02
 0.60297049E+05  0.19337234E+02
 0.62503038E+05  0.19273354E+02
 0.64709028E+05  0.19235334E+02
 0.66915017E+05  0.19244216E+02
 0.69121007E+05  0.19297835E+02
 0.71326997E+05  0.19395767E+02
 0.73532986E+05  0.19493419E+02
 0.75738976E+05  0.19525020E+02
 0.77944965E+05  0.19474774E+02
 0.80150955E+05  0.19420819E+02
 0.82356944E+05  0.19461231E+02
 0.84562934E+05  0.19622696E+02
 0.86768924E+05  0.19744877E+02
 0.88974913E+05  0.19632569E+02
 0.91180903E+05  0.19640118E+02
 0.93386892E+05  0.20110644E+02
