  0.00000  0.000000E+00
  0.01000  0.286811E-01
  0.02000  0.322566E-01
  0.03000  0.424054E-01
  0.04000  0.530533E-01
  0.05000  0.471118E-01
  0.06000  0.619425E-01
  0.07000  0.261878E-01
  0.08000  0.134906E-01
  0.09000  0.129487E-01
  0.10000  0.108721E-01
  0.11000  0.943169E-02
  0.12000  0.914793E-02
  0.13000  0.108473E-01
  0.14000  0.139215E-01
  0.15000  0.163760E-01
  0.16000  0.184840E+00
  0.17000  0.368518E-01
  0.18000  0.346084E-01
  0.19000  0.397753E-01
  0.20000  0.492871E-01
  0.21000  0.651284E-01
  0.22000  0.685706E-01
  0.23000  0.658218E-01
  0.24000  0.730815E-01
  0.25000  0.688808E-01
  0.26000  0.561964E-01
  0.27000  0.702133E-01
  0.28000  0.907504E-01
  0.29000  0.115889E+00
  0.30000  0.145678E+00
  0.31000  0.172816E+00
  0.32000  0.207845E+00
  0.33000  0.246507E+00
  0.34000  0.275295E+00
  0.35000  0.318162E+00
  0.36000  0.364828E+00
  0.37000  0.404429E+00
  0.38000  0.418043E+00
  0.39000  0.429067E+00
  0.40000  0.450594E+00
  0.41000  0.460985E+00
  0.42000  0.468590E+00
  0.43000  0.459344E+00
  0.44000  0.451548E+00
  0.45000  0.440549E+00
  0.46000  0.430074E+00
  0.47000  0.421650E+00
  0.48000  0.409030E+00
  0.49000  0.392996E+00
  0.50000  0.373446E+00
  0.51000  0.350074E+00
  0.52000  0.321842E+00
  0.53000  0.293883E+00
  0.54000  0.262703E+00
  0.55000  0.230059E+00
  0.56000  0.197465E+00
  0.57000  0.162897E+00
  0.58000  0.138309E+00
  0.59000  0.113438E+00
  0.60000  0.915893E-01
  0.61000  0.723392E-01
  0.62000  0.564503E-01
  0.63000  0.442501E-01
  0.64000  0.341570E-01
  0.65000  0.264847E-01
  0.66000  0.195640E-01
  0.67000  0.137649E-01
  0.68000  0.953462E-02
  0.69000  0.623066E-02
  0.70000  0.400026E-02
  0.71000  0.262714E-02
  0.72000  0.173225E-02
  0.73000  0.119782E-02
  0.74000  0.802810E-03
  0.75000  0.533838E-03
  0.76000  0.314915E-03
  0.77000  0.193417E-03
  0.78000  0.117592E-03
  0.79000  0.771604E-04
  0.80000  0.528837E-04
  0.81000  0.386382E-04
  0.82000  0.251638E-04
  0.83000  0.166997E-04
  0.84000  0.124232E-04
  0.85000  0.938055E-05
  0.86000  0.684856E-05
  0.87000  0.635820E-05
  0.88000  0.574593E-05
  0.89000  0.542811E-05
  0.90000  0.555040E-05
  0.91000  0.609111E-05
  0.92000  0.669060E-05
  0.93000  0.892723E-05
  0.94000  0.120122E-04
  0.95000  0.160281E-04
  0.96000  0.197521E-04
  0.97000  0.257013E-04
  0.98000  0.311374E-04
  0.99000  0.383004E-04
  1.00000  0.489661E-04
  1.01000  0.612593E-04
  1.02000  0.747795E-04
  1.03000  0.901551E-04
  1.04000  0.110633E-03
  1.05000  0.132482E-03
  1.06000  0.157367E-03
  1.07000  0.190184E-03
  1.08000  0.224961E-03
  1.09000  0.251263E-03
  1.10000  0.284705E-03
  1.11000  0.321418E-03
  1.12000  0.359382E-03
  1.13000  0.402765E-03
  1.14000  0.450860E-03
  1.15000  0.482785E-03
  1.16000  0.493311E-03
  1.17000  0.497338E-03
  1.18000  0.499348E-03
  1.19000  0.502478E-03
  1.20000  0.493996E-03
  1.21000  0.487301E-03
  1.22000  0.484135E-03
  1.23000  0.482932E-03
  1.24000  0.484218E-03
  1.25000  0.481298E-03
  1.26000  0.479151E-03
  1.27000  0.470847E-03
  1.28000  0.469096E-03
  1.29000  0.473781E-03
  1.30000  0.477127E-03
  1.31000  0.485782E-03
  1.32000  0.489098E-03
  1.33000  0.489239E-03
  1.34000  0.478521E-03
  1.35000  0.455646E-03
  1.36000  0.424104E-03
  1.37000  0.405346E-03
  1.38000  0.394467E-03
  1.39000  0.386614E-03
  1.40000  0.379582E-03
  1.41000  0.374882E-03
  1.42000  0.365666E-03
  1.43000  0.351828E-03
  1.44000  0.334458E-03
  1.45000  0.323141E-03
  1.46000  0.352946E-03
  1.47000  0.390804E-03
  1.48000  0.457964E-03
  1.49000  0.585354E-03
  1.50000  0.813821E-03
  1.51000  0.103571E-02
  1.52000  0.110928E-02
  1.53000  0.138920E-02
  1.54000  0.185275E-02
  1.55000  0.246729E-02
  1.56000  0.311247E-02
  1.57000  0.375174E-02
  1.58000  0.427066E-02
  1.59000  0.455739E-02
  1.60000  0.435847E-02
  1.61000  0.425521E-02
  1.62000  0.443160E-02
  1.63000  0.487095E-02
  1.64000  0.550243E-02
  1.65000  0.623986E-02
  1.66000  0.651885E-02
  1.67000  0.687867E-02
  1.68000  0.740713E-02
  1.69000  0.802087E-02
  1.70000  0.810499E-02
  1.71000  0.762596E-02
  1.72000  0.721140E-02
  1.73000  0.716429E-02
  1.74000  0.705887E-02
  1.75000  0.660759E-02
  1.76000  0.682901E-02
  1.77000  0.668499E-02
  1.78000  0.635683E-02
  1.79000  0.584297E-02
  1.80000  0.571297E-02
  1.81000  0.602579E-02
  1.82000  0.622445E-02
  1.83000  0.692256E-02
  1.84000  0.660478E-02
  1.85000  0.684017E-02
  1.86000  0.648369E-02
  1.87000  0.619907E-02
  1.88000  0.597826E-02
  1.89000  0.563737E-02
  1.90000  0.562560E-02
  1.91000  0.524398E-02
  1.92000  0.502294E-02
  1.93000  0.455086E-02
  1.94000  0.400306E-02
  1.95000  0.334257E-02
  1.96000  0.291879E-02
  1.97000  0.300681E-02
  1.98000  0.318316E-02
  1.99000  0.292976E-02
  2.00000  0.240199E-02
  2.01000  0.156827E-02
  2.02000  0.951269E-03
  2.03000  0.524246E-03
  2.04000  0.476909E-03
  2.05000  0.914999E-03
  2.06000  0.698292E-03
  2.07000  0.436035E-03
  2.08000  0.320607E-03
  2.09000  0.318310E-03
  2.10000  0.313343E-03
  2.11000  0.308380E-03
  2.12000  0.305601E-03
  2.13000  0.306250E-03
  2.14000  0.307635E-03
  2.15000  0.312074E-03
  2.16000  0.313880E-03
  2.17000  0.312241E-03
  2.18000  0.307148E-03
  2.19000  0.299813E-03
  2.20000  0.294348E-03
  2.21000  0.293102E-03
  2.22000  0.297776E-03
  2.23000  0.328994E-03
  2.24000  0.400319E-03
  2.25000  0.496366E-03
  2.26000  0.619989E-03
  2.27000  0.787100E-03
  2.28000  0.935372E-03
  2.29000  0.102827E-02
  2.30000  0.108989E-02
  2.31000  0.115957E-02
  2.32000  0.129610E-02
  2.33000  0.142506E-02
  2.34000  0.157510E-02
  2.35000  0.182927E-02
  2.36000  0.185390E-02
  2.37000  0.192683E-02
  2.38000  0.217887E-02
  2.39000  0.251877E-02
  2.40000  0.307353E-02
  2.41000  0.384183E-02
  2.42000  0.484884E-02
  2.43000  0.607269E-02
  2.44000  0.726162E-02
  2.45000  0.814058E-02
  2.46000  0.973763E-02
  2.47000  0.131844E-01
  2.48000  0.230289E-01
  2.49000  0.479561E-01
  2.50000  0.107493E+00
  2.51000  0.204378E+00
  2.52000  0.317515E+00
  2.53000  0.434172E+00
  2.54000  0.524142E+00
  2.55000  0.599704E+00
  2.56000  0.672409E+00
  2.57000  0.720952E+00
  2.58000  0.762589E+00
  2.59000  0.796088E+00
  2.60000  0.823786E+00
  2.61000  0.855048E+00
  2.62000  0.902324E+00
  2.63000  0.954041E+00
  2.64000  0.974036E+00
  2.65000  0.100000E+01
  2.66000  0.987378E+00
  2.67000  0.982368E+00
  2.68000  0.975462E+00
  2.69000  0.959975E+00
  2.70000  0.938718E+00
  2.71000  0.923762E+00
  2.72000  0.913140E+00
  2.73000  0.907858E+00
  2.74000  0.913350E+00
  2.75000  0.896680E+00
  2.76000  0.836179E+00
  2.77000  0.821519E+00
  2.78000  0.803867E+00
  2.79000  0.779045E+00
  2.80000  0.755044E+00
  2.81000  0.741696E+00
  2.82000  0.722009E+00
  2.83000  0.694496E+00
  2.84000  0.662000E+00
  2.85000  0.610251E+00
  2.86000  0.523860E+00
  2.87000  0.488122E+00
  2.88000  0.456513E+00
  2.89000  0.419675E+00
  2.90000  0.389308E+00
  2.91000  0.350782E+00
  2.92000  0.302902E+00
  2.93000  0.252562E+00
  2.94000  0.195374E+00
  2.95000  0.135382E+00
  2.96000  0.123323E+00
  2.97000  0.129285E+00
  2.98000  0.135194E+00
  2.99000  0.141257E+00
  3.00000  0.146412E+00
 0.35787089E+03  0.19515445E+03
 0.39073658E+03  0.19515445E+03
 0.42360228E+03  0.19515445E+03
 0.45646797E+03  0.19515445E+03
 0.48933366E+03  0.19515445E+03
 0.52219936E+03  0.19515445E+03
 0.55506505E+03  0.19515445E+03
 0.58793074E+03  0.19515445E+03
 0.62079644E+03  0.19515445E+03
 0.65366213E+03  0.19515445E+03
 0.68652783E+03  0.19515445E+03
 0.71939352E+03  0.19515445E+03
 0.75225921E+03  0.19515445E+03
 0.78512491E+03  0.19515445E+03
 0.81799060E+03  0.19515445E+03
 0.85085629E+03  0.19515445E+03
 0.88372199E+03  0.19515445E+03
 0.91658768E+03  0.19515445E+03
 0.94945338E+03  0.19515445E+03
 0.98231907E+03  0.19515445E+03
 0.10151848E+04  0.19515445E+03
 0.10480505E+04  0.19515445E+03
 0.10809162E+04  0.19515445E+03
 0.11137818E+04  0.19515445E+03
 0.11466475E+04  0.19515445E+03
 0.11795132E+04  0.19515445E+03
 0.12123789E+04  0.19515445E+03
 0.12452446E+04  0.19515445E+03
 0.12781103E+04  0.19515445E+03
 0.13109760E+04  0.19515445E+03
 0.13438417E+04  0.19515445E+03
 0.13767074E+04  0.19515445E+03
 0.14095731E+04  0.19515445E+03
 0.14424388E+04  0.19515445E+03
 0.14753045E+04  0.19515445E+03
 0.15081702E+04  0.19515445E+03
 0.15410359E+04  0.19515445E+03
 0.15739016E+04  0.19515445E+03
 0.16067673E+04  0.19515445E+03
 0.16396329E+04  0.19515445E+03
 0.16724986E+04  0.19515445E+03
 0.17053643E+04  0.19515445E+03
 0.17382300E+04  0.19515445E+03
 0.17710957E+04  0.19515445E+03
 0.18039614E+04  0.19515445E+03
 0.18368271E+04  0.19515445E+03
 0.18696928E+04  0.19515445E+03
 0.19025585E+04  0.19515445E+03
 0.19354242E+04  0.19515445E+03
 0.19682899E+04  0.19515445E+03
 0.20011556E+04  0.19515445E+03
 0.20340213E+04  0.19515445E+03
 0.20668870E+04  0.19515445E+03
 0.20997527E+04  0.19515445E+03
 0.21326184E+04  0.19515445E+03
 0.21654840E+04  0.19515445E+03
 0.21910463E+04  0.19515445E+03
 0.22202602E+04  0.19515445E+03
 0.22531259E+04  0.19515445E+03
 0.22859916E+04  0.19515445E+03
 0.23188573E+04  0.19515445E+03
 0.23517230E+04  0.19515445E+03
 0.23845887E+04  0.19515445E+03
 0.24174544E+04  0.19515445E+03
 0.24503201E+04  0.19515445E+03
 0.24831858E+04  0.19515445E+03
 0.25160514E+04  0.19515445E+03
 0.25489171E+04  0.19515445E+03
 0.25708276E+04  0.19515445E+03
 0.26036933E+04  0.19515445E+03
 0.26365590E+04  0.19515445E+03
 0.26694247E+04  0.19515445E+03
 0.27022904E+04  0.19515445E+03
 0.27351561E+04  0.19515445E+03
 0.27680218E+04  0.19515445E+03
 0.28008875E+04  0.19515445E+03
 0.28337532E+04  0.19515445E+03
 0.28666188E+04  0.19515445E+03
 0.28994845E+04  0.19515445E+03
 0.29323502E+04  0.19515445E+03
 0.29652159E+04  0.19515445E+03
 0.29980816E+04  0.19515445E+03
 0.30309473E+04  0.19515445E+03
 0.30638130E+04  0.19515445E+03
 0.30966787E+04  0.19515445E+03
 0.31295444E+04  0.19515445E+03
 0.31624101E+04  0.19515445E+03
 0.31952758E+04  0.19515445E+03
 0.32281415E+04  0.19515445E+03
 0.32610072E+04  0.19515445E+03
 0.32865694E+04  0.19515445E+03
 0.33157833E+04  0.19515445E+03
 0.33376938E+04  0.24700157E+02
 0.33669077E+04  0.24323103E+02
 0.33924699E+04  0.24230562E+02
 0.34253356E+04  0.24080975E+02
 0.34472461E+04  0.24082310E+02
 0.34764601E+04  0.23985713E+02
 0.35020223E+04  0.23983931E+02
 0.35348880E+04  0.23982342E+02
 0.35567984E+04  0.23860953E+02
 0.35860124E+04  0.23856576E+02
 0.36115746E+04  0.23852963E+02
 0.36444403E+04  0.23848459E+02
 0.36663507E+04  0.23846561E+02
 0.36955647E+04  0.23843504E+02
 0.37211269E+04  0.23841048E+02
 0.37539926E+04  0.23665710E+02
 0.37759030E+04  0.23660862E+02
 0.38051170E+04  0.23654702E+02
 0.38306792E+04  0.23649481E+02
 0.38635449E+04  0.23642841E+02
 0.38854554E+04  0.23638553E+02
 0.39146693E+04  0.23633141E+02
 0.39402315E+04  0.23628396E+02
 0.39730972E+04  0.23622658E+02
 0.39950077E+04  0.23619019E+02
 0.40242216E+04  0.23614332E+02
 0.40497838E+04  0.23610216E+02
 0.40826495E+04  0.23605285E+02
 0.41045600E+04  0.23602615E+02
 0.41337739E+04  0.23599554E+02
 0.41593361E+04  0.23596865E+02
 0.41922018E+04  0.23593781E+02
 0.42141123E+04  0.23591915E+02
 0.42433262E+04  0.23589600E+02
 0.42688884E+04  0.23587557E+02
 0.43017541E+04  0.23585307E+02
 0.43236646E+04  0.23583943E+02
 0.43528786E+04  0.23582155E+02
 0.43784408E+04  0.23580945E+02
 0.44113065E+04  0.23579606E+02
 0.44332169E+04  0.23578796E+02
 0.45135553E+04  0.23260336E+02
 0.45573762E+04  0.23195635E+02
 0.46011971E+04  0.23237070E+02
 0.46450181E+04  0.23008081E+02
 0.46888390E+04  0.23049402E+02
 0.47326599E+04  0.23252640E+02
 0.47764808E+04  0.23171904E+02
 0.48203018E+04  0.23067071E+02
 0.48641227E+04  0.23188644E+02
 0.49079436E+04  0.23094546E+02
 0.49517645E+04  0.22958892E+02
 0.49955855E+04  0.23056797E+02
 0.50394064E+04  0.23103786E+02
 0.50832273E+04  0.23149234E+02
 0.51270482E+04  0.23224375E+02
 0.51708692E+04  0.23116490E+02
 0.52146901E+04  0.23050516E+02
 0.52585110E+04  0.23009967E+02
 0.53023319E+04  0.22942465E+02
 0.53461529E+04  0.22817649E+02
 0.53899738E+04  0.22834507E+02
 0.54337947E+04  0.22896357E+02
 0.54776156E+04  0.22928421E+02
 0.55214366E+04  0.22911347E+02
 0.55652575E+04  0.23064463E+02
 0.56090784E+04  0.22994111E+02
 0.56528993E+04  0.23197155E+02
 0.56967203E+04  0.23063850E+02
 0.57405412E+04  0.23033010E+02
 0.57843621E+04  0.22960413E+02
 0.58281830E+04  0.22959370E+02
 0.58720040E+04  0.23163483E+02
 0.59158249E+04  0.23005087E+02
 0.59596458E+04  0.23037557E+02
 0.60034667E+04  0.22954140E+02
 0.60472877E+04  0.22950528E+02
 0.60911086E+04  0.22882881E+02
 0.61349295E+04  0.22952547E+02
 0.61787504E+04  0.22832802E+02
 0.62225714E+04  0.22869100E+02
 0.62663923E+04  0.22951465E+02
 0.63102132E+04  0.22926817E+02
 0.63540341E+04  0.22840770E+02
 0.63978551E+04  0.22865428E+02
 0.64416760E+04  0.22921598E+02
 0.64854969E+04  0.22893237E+02
 0.65293178E+04  0.22855464E+02
 0.65731388E+04  0.22903128E+02
 0.66169597E+04  0.22886614E+02
 0.66607806E+04  0.22942348E+02
 0.67046015E+04  0.22860941E+02
 0.67484225E+04  0.22938559E+02
 0.67922434E+04  0.22920754E+02
 0.68360643E+04  0.22886380E+02
 0.68798852E+04  0.22934805E+02
 0.69237062E+04  0.22980736E+02
 0.69675271E+04  0.22907448E+02
 0.70113480E+04  0.23002175E+02
 0.70551689E+04  0.22972757E+02
 0.70989899E+04  0.23163737E+02
 0.71428108E+04  0.23026787E+02
 0.71866317E+04  0.22983370E+02
 0.72304526E+04  0.22864659E+02
 0.72742736E+04  0.23056045E+02
 0.73180945E+04  0.22965659E+02
 0.73619154E+04  0.22806239E+02
 0.74057363E+04  0.23045845E+02
 0.74495573E+04  0.23011837E+02
 0.74933782E+04  0.23073108E+02
 0.75371991E+04  0.22992865E+02
 0.75810200E+04  0.23037171E+02
 0.76248410E+04  0.23093869E+02
 0.76686619E+04  0.23091716E+02
 0.77124828E+04  0.22976196E+02
 0.77563037E+04  0.22916158E+02
 0.78001247E+04  0.22901566E+02
 0.78439456E+04  0.22985296E+02
 0.78877665E+04  0.23131409E+02
 0.79315874E+04  0.22884975E+02
 0.79754084E+04  0.23058123E+02
 0.80192293E+04  0.22895234E+02
 0.80630502E+04  0.22966346E+02
 0.81068711E+04  0.22841024E+02
 0.81506921E+04  0.22999874E+02
 0.81945130E+04  0.22892424E+02
 0.82383339E+04  0.23129494E+02
 0.82821548E+04  0.22835788E+02
 0.83259758E+04  0.22956810E+02
 0.83697967E+04  0.22827474E+02
 0.84136176E+04  0.22968785E+02
 0.84574385E+04  0.23013946E+02
 0.85012595E+04  0.22762381E+02
 0.85450804E+04  0.23109356E+02
 0.85889013E+04  0.22846235E+02
 0.86327222E+04  0.22900311E+02
 0.86765432E+04  0.23036069E+02
 0.87203641E+04  0.22982163E+02
 0.87641850E+04  0.23056619E+02
 0.88080059E+04  0.22827418E+02
 0.88518269E+04  0.22615574E+02
 0.88956478E+04  0.22684574E+02
 0.89394687E+04  0.22790523E+02
 0.89832896E+04  0.22938395E+02
 0.90271106E+04  0.22788537E+02
 0.90709315E+04  0.22889927E+02
 0.91147524E+04  0.22758899E+02
 0.91585733E+04  0.22943573E+02
 0.92023943E+04  0.22925241E+02
 0.92462152E+04  0.22859566E+02
 0.92900361E+04  0.22965698E+02
 0.93338570E+04  0.22859303E+02
 0.93776780E+04  0.22649450E+02
 0.94214989E+04  0.22998308E+02
 0.94653198E+04  0.23075874E+02
 0.95091407E+04  0.22962624E+02
 0.95529617E+04  0.22818610E+02
 0.95967826E+04  0.22804735E+02
 0.96406035E+04  0.22735514E+02
 0.96844244E+04  0.22789063E+02
 0.97282454E+04  0.22748712E+02
 0.97720663E+04  0.22646273E+02
 0.98158872E+04  0.22879312E+02
 0.98597081E+04  0.22935530E+02
 0.99035291E+04  0.22971046E+02
 0.99473500E+04  0.22810547E+02
 0.99911709E+04  0.22809325E+02
 0.10034992E+05  0.22637584E+02
 0.10078813E+05  0.22786234E+02
 0.10122634E+05  0.22785947E+02
 0.10166455E+05  0.22780975E+02
 0.10210276E+05  0.23192668E+02
 0.10254096E+05  0.22938092E+02
 0.10297917E+05  0.22765129E+02
 0.10341738E+05  0.22714008E+02
 0.10385559E+05  0.22981031E+02
 0.10429380E+05  0.22941780E+02
 0.10473201E+05  0.22758071E+02
 0.10517022E+05  0.22831077E+02
 0.10560843E+05  0.22855702E+02
 0.10604664E+05  0.22807045E+02
 0.10648485E+05  0.22877074E+02
 0.10692306E+05  0.22708886E+02
 0.10736127E+05  0.22831284E+02
 0.10779948E+05  0.22852712E+02
 0.10823768E+05  0.22934485E+02
 0.10867589E+05  0.22777240E+02
 0.10911410E+05  0.22795647E+02
 0.10955231E+05  0.22908387E+02
 0.10999052E+05  0.22795619E+02
 0.11042873E+05  0.22735057E+02
 0.11086694E+05  0.22861932E+02
 0.11130515E+05  0.23233726E+02
 0.11174336E+05  0.22836176E+02
 0.11218157E+05  0.22864410E+02
 0.11261978E+05  0.23015222E+02
 0.11305799E+05  0.22796307E+02
 0.11349620E+05  0.22655382E+02
 0.11393441E+05  0.22637001E+02
 0.11437261E+05  0.22885372E+02
 0.11481082E+05  0.22720584E+02
 0.11524903E+05  0.23036214E+02
 0.11568724E+05  0.23115288E+02
 0.11612545E+05  0.22306871E+02
 0.11656366E+05  0.22972410E+02
 0.11700187E+05  0.22596482E+02
 0.11744008E+05  0.23307888E+02
 0.11787829E+05  0.22688772E+02
 0.11831650E+05  0.22969390E+02
 0.11875471E+05  0.22007020E+02
 0.11919292E+05  0.22470631E+02
 0.11963113E+05  0.22788734E+02
 0.12006933E+05  0.22767028E+02
 0.12050754E+05  0.22611864E+02
 0.12094575E+05  0.22443306E+02
 0.12138396E+05  0.22760989E+02
 0.12182217E+05  0.22374991E+02
 0.12226038E+05  0.22773895E+02
 0.12269859E+05  0.22443219E+02
 0.12313680E+05  0.21209517E+02
 0.12357501E+05  0.22655893E+02
 0.12401322E+05  0.22351533E+02
 0.12445143E+05  0.22846879E+02
 0.12488964E+05  0.22632197E+02
 0.12532785E+05  0.22706845E+02
 0.12576605E+05  0.22761710E+02
 0.12620426E+05  0.22902849E+02
 0.12664247E+05  0.22724021E+02
 0.12708068E+05  0.22673121E+02
 0.12751889E+05  0.22541421E+02
 0.12795710E+05  0.22491024E+02
 0.12839531E+05  0.22710524E+02
 0.12883352E+05  0.22344327E+02
 0.12927173E+05  0.22738779E+02
 0.12970994E+05  0.22451560E+02
 0.13014815E+05  0.22793795E+02
 0.13058636E+05  0.22900607E+02
 0.13102457E+05  0.22609279E+02
 0.13146278E+05  0.22734572E+02
 0.13190098E+05  0.22626611E+02
 0.13233919E+05  0.22501355E+02
 0.13277740E+05  0.22645326E+02
 0.13321561E+05  0.22549458E+02
 0.13365382E+05  0.22680504E+02
 0.13409203E+05  0.22508068E+02
 0.13453024E+05  0.22513452E+02
 0.13496845E+05  0.22541032E+02
 0.13540666E+05  0.22485122E+02
 0.13584487E+05  0.21750040E+02
 0.13628308E+05  0.21142340E+02
 0.13672129E+05  0.22059682E+02
 0.13715950E+05  0.22484659E+02
 0.13759770E+05  0.22452229E+02
 0.13803591E+05  0.22401161E+02
 0.13847412E+05  0.22451160E+02
 0.13891233E+05  0.22478590E+02
 0.13935054E+05  0.22404877E+02
 0.13978875E+05  0.22507637E+02
 0.14022696E+05  0.22293722E+02
 0.14066517E+05  0.22460077E+02
 0.14110338E+05  0.22015375E+02
 0.14154159E+05  0.22064471E+02
 0.14197980E+05  0.22205844E+02
 0.14241801E+05  0.22283981E+02
 0.14285622E+05  0.22354090E+02
 0.14329442E+05  0.22328515E+02
 0.14373263E+05  0.22453476E+02
 0.14417084E+05  0.22266052E+02
 0.14460905E+05  0.22303605E+02
 0.14504726E+05  0.22040433E+02
 0.14548547E+05  0.22256993E+02
 0.14592368E+05  0.22320527E+02
 0.14636189E+05  0.22189122E+02
 0.14680010E+05  0.22191059E+02
 0.14723831E+05  0.22351558E+02
 0.14767652E+05  0.22240651E+02
 0.14811473E+05  0.22187607E+02
 0.14855294E+05  0.22278477E+02
 0.14899115E+05  0.22371696E+02
 0.14942935E+05  0.22333410E+02
 0.14986756E+05  0.22000931E+02
 0.15030577E+05  0.22173912E+02
 0.15074398E+05  0.22230255E+02
 0.15118219E+05  0.22301219E+02
 0.15162040E+05  0.22322430E+02
 0.15205861E+05  0.22282372E+02
 0.15249682E+05  0.22352583E+02
 0.15293503E+05  0.22134655E+02
 0.15337324E+05  0.22242410E+02
 0.15381145E+05  0.22242774E+02
 0.15424966E+05  0.22234092E+02
 0.15468787E+05  0.22237776E+02
 0.15512607E+05  0.22238921E+02
 0.15556428E+05  0.22209445E+02
 0.15600249E+05  0.22152874E+02
 0.15644070E+05  0.22227227E+02
 0.15687891E+05  0.22271176E+02
 0.15731712E+05  0.22319973E+02
 0.15775533E+05  0.22145409E+02
 0.15819354E+05  0.22123417E+02
 0.15863175E+05  0.21806908E+02
 0.15906996E+05  0.21962811E+02
 0.15950817E+05  0.22106577E+02
 0.15994638E+05  0.22196197E+02
 0.16038459E+05  0.22174190E+02
 0.16082279E+05  0.22246456E+02
 0.16126100E+05  0.22222763E+02
 0.16169921E+05  0.22181036E+02
 0.16213742E+05  0.22217218E+02
 0.16257563E+05  0.22209945E+02
 0.16301384E+05  0.22224263E+02
 0.16345205E+05  0.22115278E+02
 0.16389026E+05  0.22228445E+02
 0.16432847E+05  0.22143845E+02
 0.16476668E+05  0.22080580E+02
 0.16520489E+05  0.22154025E+02
 0.16564310E+05  0.22096943E+02
 0.16608131E+05  0.22174223E+02
 0.16651952E+05  0.22194639E+02
 0.16695772E+05  0.22177101E+02
 0.16739593E+05  0.22208694E+02
 0.16783414E+05  0.22135403E+02
 0.16827235E+05  0.22162228E+02
 0.16871056E+05  0.22111225E+02
 0.16914877E+05  0.22207902E+02
 0.16958698E+05  0.22073414E+02
 0.17002519E+05  0.22110212E+02
 0.17046340E+05  0.22105721E+02
 0.17090161E+05  0.22052398E+02
 0.17133982E+05  0.22088315E+02
 0.17177803E+05  0.22141437E+02
 0.17221624E+05  0.22110462E+02
 0.17265444E+05  0.22112130E+02
 0.17309265E+05  0.22146798E+02
 0.17353086E+05  0.22145494E+02
 0.17396907E+05  0.22159181E+02
 0.17440728E+05  0.22063424E+02
 0.17484549E+05  0.22134822E+02
 0.17528370E+05  0.22169736E+02
 0.17572191E+05  0.22066792E+02
 0.17616012E+05  0.22150084E+02
 0.17659833E+05  0.22100497E+02
 0.17703654E+05  0.22059908E+02
 0.17747475E+05  0.20848628E+02
 0.17791296E+05  0.21379549E+02
 0.17835116E+05  0.21908222E+02
 0.17878937E+05  0.22059509E+02
 0.17922758E+05  0.22077039E+02
 0.17966579E+05  0.22150986E+02
 0.18010400E+05  0.22080746E+02
 0.18054221E+05  0.22015392E+02
 0.18098042E+05  0.20590350E+02
 0.18141863E+05  0.21267032E+02
 0.18185684E+05  0.21800335E+02
 0.18229505E+05  0.21842094E+02
 0.18273326E+05  0.19544690E+02
 0.18317147E+05  0.20428978E+02
 0.18360968E+05  0.21441509E+02
 0.18404789E+05  0.21994749E+02
 0.18448609E+05  0.22016384E+02
 0.18492430E+05  0.22113450E+02
 0.18536251E+05  0.22059066E+02
 0.18580072E+05  0.22066352E+02
 0.18623893E+05  0.22072985E+02
 0.18667714E+05  0.22091236E+02
 0.18711535E+05  0.22012253E+02
 0.18755356E+05  0.22083631E+02
 0.18799177E+05  0.22106721E+02
 0.18842998E+05  0.22093654E+02
 0.18886819E+05  0.22066181E+02
 0.18930640E+05  0.22139834E+02
 0.18974461E+05  0.22059557E+02
 0.19018281E+05  0.22165802E+02
 0.19062102E+05  0.22102765E+02
 0.19105923E+05  0.22158603E+02
 0.19149744E+05  0.22027512E+02
 0.19193565E+05  0.22072343E+02
 0.19237386E+05  0.22139152E+02
 0.19281207E+05  0.22155615E+02
 0.19325028E+05  0.22316657E+02
 0.19368849E+05  0.22391889E+02
 0.19412670E+05  0.22145407E+02
 0.19456491E+05  0.22181314E+02
 0.19500312E+05  0.22165703E+02
 0.19544133E+05  0.22032040E+02
 0.19587953E+05  0.22062766E+02
 0.19631774E+05  0.22080717E+02
 0.19675595E+05  0.22023420E+02
 0.19719416E+05  0.22107178E+02
 0.19763237E+05  0.22015833E+02
 0.19807058E+05  0.21975896E+02
 0.19850879E+05  0.22353606E+02
 0.19894700E+05  0.22164140E+02
 0.19938521E+05  0.22126233E+02
 0.19982342E+05  0.22049574E+02
 0.20026163E+05  0.22251664E+02
 0.20069984E+05  0.22179581E+02
 0.20113805E+05  0.22507575E+02
 0.20157626E+05  0.22055765E+02
 0.20201446E+05  0.22087898E+02
 0.20245267E+05  0.22050007E+02
 0.20289088E+05  0.22110021E+02
 0.20332909E+05  0.22082688E+02
 0.20376730E+05  0.22004707E+02
 0.20420551E+05  0.22091059E+02
 0.20464372E+05  0.22076832E+02
 0.20508193E+05  0.22017460E+02
 0.20552014E+05  0.22024831E+02
 0.20595835E+05  0.22068071E+02
 0.20639656E+05  0.21962824E+02
 0.20683477E+05  0.21999736E+02
 0.20727298E+05  0.22133426E+02
 0.20771118E+05  0.22174820E+02
 0.20814939E+05  0.22174639E+02
 0.20858760E+05  0.22060377E+02
 0.20902581E+05  0.22084622E+02
 0.20946402E+05  0.22097791E+02
 0.20990223E+05  0.22050602E+02
 0.21034044E+05  0.21949473E+02
 0.21077865E+05  0.22133248E+02
 0.21121686E+05  0.22060057E+02
 0.21165507E+05  0.22151077E+02
 0.21209328E+05  0.22028345E+02
 0.21253149E+05  0.22023849E+02
 0.21296970E+05  0.22014410E+02
 0.21340790E+05  0.22073769E+02
 0.21384611E+05  0.22063613E+02
 0.21428432E+05  0.21950541E+02
 0.21472253E+05  0.21872156E+02
 0.21516074E+05  0.22002180E+02
 0.21559895E+05  0.22143855E+02
 0.21603716E+05  0.22073312E+02
 0.21647537E+05  0.22126726E+02
 0.21691358E+05  0.22006028E+02
 0.21735179E+05  0.22197631E+02
 0.21779000E+05  0.22113724E+02
 0.21822821E+05  0.22061942E+02
 0.21866642E+05  0.22083570E+02
 0.21910463E+05  0.22104880E+02
 0.21954283E+05  0.22088981E+02
 0.21998104E+05  0.21992319E+02
 0.22041925E+05  0.22022381E+02
 0.22085746E+05  0.22044210E+02
 0.22129567E+05  0.21960789E+02
 0.22173388E+05  0.21978103E+02
 0.22217209E+05  0.21994746E+02
 0.22261030E+05  0.22096727E+02
 0.22304851E+05  0.22075430E+02
 0.22348672E+05  0.21947438E+02
 0.22392493E+05  0.22054576E+02
 0.22436314E+05  0.21938671E+02
 0.22480135E+05  0.22005979E+02
 0.22523955E+05  0.22038142E+02
 0.22567776E+05  0.21964030E+02
 0.22611597E+05  0.22006472E+02
 0.22655418E+05  0.22059680E+02
 0.22699239E+05  0.22052637E+02
 0.22743060E+05  0.22188614E+02
 0.22786881E+05  0.22127139E+02
 0.22830702E+05  0.22211774E+02
 0.22874523E+05  0.22011538E+02
 0.22918344E+05  0.22005900E+02
 0.22962165E+05  0.22032049E+02
 0.23005986E+05  0.21916946E+02
 0.23049807E+05  0.21962665E+02
 0.23093627E+05  0.21894914E+02
 0.23137448E+05  0.22012975E+02
 0.23181269E+05  0.22032134E+02
 0.23225090E+05  0.22025807E+02
 0.23268911E+05  0.21929462E+02
 0.23312732E+05  0.22174460E+02
 0.23356553E+05  0.22187535E+02
 0.23400374E+05  0.22255188E+02
 0.23444195E+05  0.22145192E+02
 0.23488016E+05  0.22210799E+02
 0.23531837E+05  0.22080645E+02
 0.23575658E+05  0.22013489E+02
 0.23619479E+05  0.21963194E+02
 0.23663300E+05  0.22038877E+02
 0.23707120E+05  0.22006913E+02
 0.23750941E+05  0.22071420E+02
 0.23794762E+05  0.21970799E+02
 0.23838583E+05  0.21866774E+02
 0.23882404E+05  0.21699299E+02
 0.23926225E+05  0.20346510E+02
 0.23970046E+05  0.19503590E+02
 0.24013867E+05  0.20182662E+02
 0.24057688E+05  0.20689444E+02
 0.24101509E+05  0.21246794E+02
 0.24145330E+05  0.22048640E+02
 0.24189151E+05  0.22015860E+02
 0.24232972E+05  0.21980710E+02
 0.24276792E+05  0.21953205E+02
 0.24320613E+05  0.22257698E+02
 0.24364434E+05  0.21846537E+02
 0.24408255E+05  0.21773977E+02
 0.24452076E+05  0.21838359E+02
 0.24495897E+05  0.21649900E+02
 0.24539718E+05  0.21234013E+02
 0.24583539E+05  0.21209845E+02
 0.24627360E+05  0.21526280E+02
 0.24671181E+05  0.21799873E+02
 0.24715002E+05  0.22097713E+02
 0.24758823E+05  0.21731486E+02
 0.24802644E+05  0.22033550E+02
 0.24846464E+05  0.21898573E+02
 0.24890285E+05  0.22203696E+02
 0.24934106E+05  0.21946427E+02
 0.24977927E+05  0.22256553E+02
 0.25021748E+05  0.21638775E+02
 0.25065569E+05  0.22223424E+02
 0.25109390E+05  0.22034822E+02
 0.25153211E+05  0.21706512E+02
 0.25197032E+05  0.22080119E+02
 0.25240853E+05  0.22104679E+02
 0.25284674E+05  0.21866028E+02
 0.25328495E+05  0.22317403E+02
 0.25372316E+05  0.21933992E+02
 0.25416137E+05  0.22023833E+02
 0.25459957E+05  0.21918544E+02
 0.25503778E+05  0.21779130E+02
 0.25547599E+05  0.21841915E+02
 0.25591420E+05  0.21955772E+02
 0.25635241E+05  0.21751729E+02
 0.25679062E+05  0.21706735E+02
 0.25722883E+05  0.21597832E+02
 0.25766704E+05  0.22278015E+02
 0.25810525E+05  0.21898912E+02
 0.25854346E+05  0.21769535E+02
 0.25898167E+05  0.21635495E+02
 0.25941988E+05  0.22522851E+02
 0.25985809E+05  0.21789035E+02
 0.26029629E+05  0.21837387E+02
 0.26073450E+05  0.21581462E+02
 0.26117271E+05  0.21542114E+02
 0.26161092E+05  0.22022726E+02
 0.26204913E+05  0.22028570E+02
 0.26248734E+05  0.21941648E+02
 0.26292555E+05  0.22138743E+02
 0.26336376E+05  0.22064501E+02
 0.26380197E+05  0.21533424E+02
 0.26424018E+05  0.22811458E+02
 0.26467839E+05  0.21653361E+02
 0.26511660E+05  0.21584004E+02
 0.26555481E+05  0.21501748E+02
 0.26599301E+05  0.22365604E+02
 0.26643122E+05  0.21718172E+02
 0.26686943E+05  0.21958187E+02
 0.26730764E+05  0.21699504E+02
 0.26774585E+05  0.21852924E+02
 0.26818406E+05  0.21952820E+02
 0.26862227E+05  0.21887295E+02
 0.26906048E+05  0.21872103E+02
 0.26949869E+05  0.21801849E+02
 0.26993690E+05  0.21847167E+02
 0.27037511E+05  0.21888285E+02
 0.27081332E+05  0.21853862E+02
 0.27125153E+05  0.21911202E+02
 0.27168974E+05  0.21896422E+02
 0.27212794E+05  0.21912459E+02
 0.27256615E+05  0.21864577E+02
 0.27300436E+05  0.21834334E+02
 0.27344257E+05  0.21903732E+02
 0.27388078E+05  0.21904713E+02
 0.27431899E+05  0.21834144E+02
 0.27475720E+05  0.21867231E+02
 0.27519541E+05  0.21866623E+02
 0.27563362E+05  0.21812176E+02
 0.27607183E+05  0.21794133E+02
 0.27651004E+05  0.21822000E+02
 0.27694825E+05  0.21880479E+02
 0.27738646E+05  0.21810534E+02
 0.27782466E+05  0.21879509E+02
 0.27826287E+05  0.21771019E+02
 0.27870108E+05  0.21803953E+02
 0.27913929E+05  0.21807694E+02
 0.27957750E+05  0.21891587E+02
 0.28001571E+05  0.21729296E+02
 0.28045392E+05  0.21804484E+02
 0.28089213E+05  0.21817260E+02
 0.28133034E+05  0.21802520E+02
 0.28176855E+05  0.21820791E+02
 0.28220676E+05  0.21786791E+02
 0.28264497E+05  0.21782765E+02
 0.28308318E+05  0.21698824E+02
 0.28352138E+05  0.21757376E+02
 0.28395959E+05  0.21828266E+02
 0.28439780E+05  0.21758655E+02
 0.28483601E+05  0.21767207E+02
 0.28527422E+05  0.21737257E+02
 0.28571243E+05  0.21763717E+02
 0.28615064E+05  0.21672223E+02
 0.28658885E+05  0.21832381E+02
 0.28702706E+05  0.21722808E+02
 0.28746527E+05  0.21762269E+02
 0.28790348E+05  0.21849265E+02
 0.28834169E+05  0.21736044E+02
 0.28877990E+05  0.21725544E+02
 0.28921811E+05  0.21770548E+02
 0.28965631E+05  0.21783193E+02
 0.29009452E+05  0.21798589E+02
 0.29053273E+05  0.21730256E+02
 0.29097094E+05  0.21783564E+02
 0.29140915E+05  0.21768106E+02
 0.29184736E+05  0.21807819E+02
 0.29228557E+05  0.21769901E+02
 0.29272378E+05  0.21753629E+02
 0.29316199E+05  0.21783416E+02
 0.29360020E+05  0.21902469E+02
 0.29403841E+05  0.21742694E+02
 0.29447662E+05  0.21779124E+02
 0.29491483E+05  0.21815767E+02
 0.29535303E+05  0.21874244E+02
 0.29579124E+05  0.21777912E+02
 0.29622945E+05  0.21734046E+02
 0.29666766E+05  0.21692259E+02
 0.29710587E+05  0.21742508E+02
 0.29754408E+05  0.21762629E+02
 0.29798229E+05  0.21742780E+02
 0.29842050E+05  0.21692797E+02
 0.29885871E+05  0.21607439E+02
 0.29929692E+05  0.21794051E+02
 0.29973513E+05  0.21815465E+02
 0.30017334E+05  0.21607489E+02
 0.30061155E+05  0.21726668E+02
 0.30104975E+05  0.21701323E+02
 0.30148796E+05  0.21704851E+02
 0.30192617E+05  0.21857760E+02
 0.30236438E+05  0.21813175E+02
 0.30280259E+05  0.21868261E+02
 0.30324080E+05  0.21880069E+02
 0.30367901E+05  0.21810910E+02
 0.30411722E+05  0.21781456E+02
 0.30455543E+05  0.21722705E+02
 0.30499364E+05  0.21857396E+02
 0.30543185E+05  0.21760150E+02
 0.30587006E+05  0.21752794E+02
 0.30630827E+05  0.21678294E+02
 0.30674648E+05  0.21843949E+02
 0.30718468E+05  0.21697597E+02
 0.30762289E+05  0.21646291E+02
 0.30806110E+05  0.21731430E+02
 0.30849931E+05  0.21611269E+02
 0.30893752E+05  0.21707647E+02
 0.30937573E+05  0.21662953E+02
 0.30981394E+05  0.21818553E+02
 0.31025215E+05  0.21694044E+02
 0.31069036E+05  0.21818556E+02
 0.31112857E+05  0.21724206E+02
 0.31156678E+05  0.21726561E+02
 0.31200499E+05  0.21970909E+02
 0.31244320E+05  0.21737233E+02
 0.31288140E+05  0.21712919E+02
 0.31331961E+05  0.21776462E+02
 0.31375782E+05  0.21711463E+02
 0.31419603E+05  0.21737984E+02
 0.31463424E+05  0.21687004E+02
 0.31507245E+05  0.21656991E+02
 0.31551066E+05  0.21744171E+02
 0.31594887E+05  0.21820864E+02
 0.31638708E+05  0.21595878E+02
 0.31682529E+05  0.21673740E+02
 0.31726350E+05  0.21744547E+02
 0.31770171E+05  0.21689133E+02
 0.31813992E+05  0.21620420E+02
 0.31857812E+05  0.21631237E+02
 0.31901633E+05  0.21779067E+02
 0.31945454E+05  0.21629551E+02
 0.31989275E+05  0.21651228E+02
 0.32033096E+05  0.21625044E+02
 0.32076917E+05  0.21709334E+02
 0.32120738E+05  0.21688353E+02
 0.32164559E+05  0.21677260E+02
 0.32208380E+05  0.21667954E+02
 0.32252201E+05  0.22000080E+02
 0.32296022E+05  0.21645474E+02
 0.32339843E+05  0.21541353E+02
 0.32383664E+05  0.21582054E+02
 0.32427485E+05  0.21623605E+02
 0.32471305E+05  0.21634967E+02
 0.32515126E+05  0.21554367E+02
 0.32558947E+05  0.21518978E+02
 0.32602768E+05  0.21763244E+02
 0.32646589E+05  0.21564457E+02
 0.32690410E+05  0.21620162E+02
 0.32734231E+05  0.21545632E+02
 0.32778052E+05  0.21790851E+02
 0.32821873E+05  0.21674186E+02
 0.32865694E+05  0.21714618E+02
 0.32909515E+05  0.21569720E+02
 0.32953336E+05  0.21888118E+02
 0.32997157E+05  0.21613380E+02
 0.33040977E+05  0.21584662E+02
 0.33084798E+05  0.20899365E+02
 0.33128619E+05  0.21034922E+02
 0.33172440E+05  0.21595175E+02
 0.33216261E+05  0.21453093E+02
 0.33260082E+05  0.21641762E+02
 0.33303903E+05  0.21753665E+02
 0.33347724E+05  0.21760921E+02
 0.33391545E+05  0.21824024E+02
 0.33435366E+05  0.21617269E+02
 0.33479187E+05  0.21954986E+02
 0.33523008E+05  0.21639370E+02
 0.33566829E+05  0.21700940E+02
 0.33610650E+05  0.21922148E+02
 0.33654470E+05  0.21811458E+02
 0.33698291E+05  0.20469239E+02
 0.33742112E+05  0.21589153E+02
 0.33785933E+05  0.21764550E+02
 0.33829754E+05  0.21338009E+02
 0.33873575E+05  0.21830376E+02
 0.33917396E+05  0.21532797E+02
 0.33961217E+05  0.21623028E+02
 0.34005038E+05  0.22234864E+02
 0.34048859E+05  0.22069029E+02
 0.34092680E+05  0.21859640E+02
 0.34136501E+05  0.21635418E+02
 0.34180322E+05  0.21463351E+02
 0.34224142E+05  0.21696831E+02
 0.34267963E+05  0.21742116E+02
 0.34311784E+05  0.21709054E+02
 0.34355605E+05  0.21769137E+02
 0.34399426E+05  0.22098300E+02
 0.34443247E+05  0.21747745E+02
 0.34487068E+05  0.21887452E+02
 0.34530889E+05  0.21865110E+02
 0.34574710E+05  0.21914769E+02
 0.34618531E+05  0.21539744E+02
 0.34662352E+05  0.21684574E+02
 0.34706173E+05  0.21845171E+02
 0.34749994E+05  0.21122604E+02
 0.34793814E+05  0.19684887E+02
 0.34837635E+05  0.21430006E+02
 0.34881456E+05  0.21407457E+02
 0.34925277E+05  0.21528950E+02
 0.34969098E+05  0.21445795E+02
 0.35012919E+05  0.21558756E+02
 0.35056740E+05  0.21491787E+02
 0.35100561E+05  0.21498240E+02
 0.35144382E+05  0.21724595E+02
 0.35188203E+05  0.21638060E+02
 0.35232024E+05  0.21846703E+02
 0.35392700E+05  0.21722397E+02
 0.35611805E+05  0.21725282E+02
 0.35830910E+05  0.21727994E+02
 0.36050014E+05  0.21730490E+02
 0.36269119E+05  0.21732725E+02
 0.36488224E+05  0.21734516E+02
 0.36707328E+05  0.21732327E+02
 0.36926433E+05  0.21728469E+02
 0.37145537E+05  0.21724720E+02
 0.37364642E+05  0.21721124E+02
 0.37583747E+05  0.21717724E+02
 0.37802851E+05  0.21714435E+02
 0.38021956E+05  0.21711344E+02
 0.38241061E+05  0.21708363E+02
 0.38460165E+05  0.21705537E+02
 0.38679270E+05  0.21702913E+02
 0.38898374E+05  0.21700399E+02
 0.39117479E+05  0.21698043E+02
 0.39336584E+05  0.21695893E+02
 0.39555688E+05  0.21693855E+02
 0.39774793E+05  0.21691976E+02
 0.39993898E+05  0.21690308E+02
 0.40213002E+05  0.21688753E+02
 0.40432107E+05  0.21687362E+02
 0.40651211E+05  0.21686185E+02
 0.40870316E+05  0.21685124E+02
 0.41089421E+05  0.21684282E+02
 0.41308525E+05  0.21683558E+02
 0.41527630E+05  0.21683003E+02
 0.41746735E+05  0.21682673E+02
 0.41965839E+05  0.21682465E+02
 0.42184944E+05  0.21682431E+02
 0.42404048E+05  0.21682629E+02
 0.42623153E+05  0.21682951E+02
 0.42842258E+05  0.21683454E+02
 0.43061362E+05  0.21684197E+02
 0.43280467E+05  0.21685069E+02
 0.43499572E+05  0.21686128E+02
 0.43718676E+05  0.21687435E+02
 0.43937781E+05  0.21688877E+02
 0.44156885E+05  0.21690573E+02
 0.44375990E+05  0.21692408E+02
 0.44595095E+05  0.21694444E+02
 0.44814199E+05  0.21696745E+02
 0.45033304E+05  0.21699191E+02
 0.45252409E+05  0.21701847E+02
 0.45471513E+05  0.21704781E+02
 0.45690618E+05  0.21707608E+02
 0.45909722E+05  0.21703198E+02
 0.46128827E+05  0.21698869E+02
 0.46347932E+05  0.21694689E+02
 0.46567036E+05  0.21690526E+02
 0.46786141E+05  0.21686446E+02
 0.47005246E+05  0.21682447E+02
 0.47224350E+05  0.21678531E+02
 0.47443455E+05  0.21674696E+02
 0.47662559E+05  0.21671012E+02
 0.47881664E+05  0.21667343E+02
 0.48100769E+05  0.21663755E+02
 0.48319873E+05  0.21660250E+02
 0.48538978E+05  0.21656827E+02
 0.48758083E+05  0.21653556E+02
 0.48977187E+05  0.21650298E+02
 0.49196292E+05  0.21647122E+02
 0.49415396E+05  0.21644028E+02
 0.49634501E+05  0.21641017E+02
 0.49853606E+05  0.21638089E+02
 0.50072710E+05  0.21635316E+02
 0.50291815E+05  0.21632554E+02
 0.50510920E+05  0.21629875E+02
 0.50730024E+05  0.21627279E+02
 0.50949129E+05  0.21624766E+02
 0.51168233E+05  0.21622337E+02
 0.51387338E+05  0.21620067E+02
 0.51606443E+05  0.21617807E+02
 0.51825547E+05  0.21615630E+02
 0.52044652E+05  0.21613539E+02
 0.52263757E+05  0.21611532E+02
 0.52482861E+05  0.21609688E+02
 0.52701966E+05  0.21607852E+02
 0.52921070E+05  0.21606102E+02
 0.53140175E+05  0.21604437E+02
 0.53359280E+05  0.21602860E+02
 0.53578384E+05  0.21601369E+02
 0.53797489E+05  0.21600046E+02
 0.54016594E+05  0.21598731E+02
 0.54235698E+05  0.21597503E+02
 0.54454803E+05  0.21596364E+02
 0.54673907E+05  0.21595314E+02
 0.54893012E+05  0.21594354E+02
 0.55112117E+05  0.21593568E+02
 0.55331221E+05  0.21592788E+02
 0.55550326E+05  0.21592100E+02
 0.55769431E+05  0.21591503E+02
 0.55988535E+05  0.21590998E+02
 0.56207640E+05  0.21590674E+02
 0.56426744E+05  0.21590356E+02
 0.56645849E+05  0.21590132E+02
 0.56864954E+05  0.21590003E+02
 0.57084058E+05  0.21589969E+02
 0.57303163E+05  0.21590032E+02
 0.57522268E+05  0.21590283E+02
 0.57741372E+05  0.21590541E+02
 0.57960477E+05  0.21590898E+02
 0.58179581E+05  0.21591353E+02
 0.58398686E+05  0.21591910E+02
 0.58617791E+05  0.21592567E+02
 0.58836895E+05  0.21593423E+02
 0.59056000E+05  0.21594286E+02
 0.59275105E+05  0.21595253E+02
 0.59494209E+05  0.21596325E+02
 0.59713314E+05  0.21597504E+02
 0.59932418E+05  0.21596975E+02
 0.60151523E+05  0.21595615E+02
 0.60370628E+05  0.21594426E+02
 0.60589732E+05  0.21593204E+02
 0.60808837E+05  0.21592155E+02
 0.61027942E+05  0.21591073E+02
 0.61247046E+05  0.21590165E+02
 0.61466151E+05  0.21589224E+02
 0.61685255E+05  0.21588459E+02
 0.61904360E+05  0.21587660E+02
 0.62123465E+05  0.21587039E+02
 0.62342569E+05  0.21586384E+02
 0.62561674E+05  0.21585910E+02
 0.62780779E+05  0.21585400E+02
 0.62999883E+05  0.21585073E+02
 0.63218988E+05  0.21584710E+02
 0.63438092E+05  0.21584421E+02
 0.63657197E+05  0.21584318E+02
 0.63876302E+05  0.21584179E+02
 0.64095406E+05  0.21584229E+02
 0.64314511E+05  0.21584241E+02
 0.64533616E+05  0.21584446E+02
 0.64752720E+05  0.21584612E+02
 0.64971825E+05  0.21584973E+02
 0.65190929E+05  0.21585296E+02
 0.65410034E+05  0.21585816E+02
 0.65629139E+05  0.21586297E+02
 0.65848243E+05  0.21586978E+02
 0.66067348E+05  0.21587621E+02
 0.66286453E+05  0.21588467E+02
 0.66505557E+05  0.21589273E+02
 0.66724662E+05  0.21590286E+02
 0.66943766E+05  0.21591259E+02
 0.67162871E+05  0.21592442E+02
 0.67381976E+05  0.21593585E+02
 0.67601080E+05  0.21594941E+02
 0.67820185E+05  0.21596257E+02
 0.68039290E+05  0.21597790E+02
 0.68258394E+05  0.21599282E+02
 0.68477499E+05  0.21600995E+02
 0.68696603E+05  0.21602667E+02
 0.68915708E+05  0.21604431E+02
 0.69134813E+05  0.21606421E+02
 0.69353917E+05  0.21608370E+02
 0.69573022E+05  0.21610550E+02
 0.69792127E+05  0.21612689E+02
 0.70011231E+05  0.21615064E+02
 0.70230336E+05  0.21617397E+02
 0.70449440E+05  0.21619971E+02
 0.70668545E+05  0.21622504E+02
 0.70887650E+05  0.21625281E+02
 0.71106754E+05  0.21628018E+02
 0.71325859E+05  0.21631005E+02
 0.71544964E+05  0.21633951E+02
 0.71764068E+05  0.21637153E+02
 0.71983173E+05  0.21640315E+02
 0.72202277E+05  0.21643737E+02
 0.72421382E+05  0.21647119E+02
 0.72640487E+05  0.21650769E+02
 0.72859591E+05  0.21654378E+02
 0.73078696E+05  0.21658262E+02
 0.73297801E+05  0.21662105E+02
 0.73516905E+05  0.21666229E+02
 0.73736010E+05  0.21670314E+02
 0.73955114E+05  0.21674521E+02
 0.74174219E+05  0.21679019E+02
 0.74393324E+05  0.21683479E+02
 0.74612428E+05  0.21688237E+02
 0.74831533E+05  0.21692959E+02
 0.75050638E+05  0.21697986E+02
 0.75269742E+05  0.21702978E+02
 0.75488847E+05  0.21708284E+02
 0.75707951E+05  0.21713555E+02
 0.75927056E+05  0.21719150E+02
 0.76146161E+05  0.21724711E+02
 0.76365265E+05  0.21730605E+02
 0.76584370E+05  0.21736467E+02
 0.76803475E+05  0.21742672E+02
 0.77022579E+05  0.21748847E+02
 0.77241684E+05  0.21755375E+02
 0.77460788E+05  0.21761875E+02
 0.77679893E+05  0.21768740E+02
 0.77898998E+05  0.21775579E+02
 0.78118102E+05  0.21782794E+02
 0.78337207E+05  0.21789987E+02
 0.78556312E+05  0.21797569E+02
 0.78775416E+05  0.21805130E+02
 0.78994521E+05  0.21812882E+02
 0.79213625E+05  0.21821043E+02
 0.79432730E+05  0.21829189E+02
 0.79651835E+05  0.21837761E+02
 0.79870939E+05  0.21846322E+02
 0.80090044E+05  0.21855324E+02
 0.80309149E+05  0.21864320E+02
 0.80528253E+05  0.21873775E+02
 0.80747358E+05  0.21883229E+02
 0.80966462E+05  0.21893160E+02
 0.81185567E+05  0.21903096E+02
 0.81404672E+05  0.21913530E+02
 0.81623776E+05  0.21923975E+02
 0.81842881E+05  0.21934940E+02
 0.82061986E+05  0.21945924E+02
 0.82281090E+05  0.21957451E+02
 0.82500195E+05  0.21969006E+02
 0.82719299E+05  0.21981130E+02
 0.82938404E+05  0.21993292E+02
 0.83157509E+05  0.22006051E+02
 0.83376613E+05  0.22018858E+02
 0.83595718E+05  0.22032294E+02
 0.83814823E+05  0.22045791E+02
 0.84033927E+05  0.22059647E+02
 0.84253032E+05  0.22074184E+02
 0.84472136E+05  0.22088804E+02
 0.84691241E+05  0.22104145E+02
 0.84910346E+05  0.22119586E+02
 0.85129450E+05  0.22135791E+02
 0.85348555E+05  0.22152117E+02
 0.85567660E+05  0.22169256E+02
 0.85786764E+05  0.22186539E+02
 0.86005869E+05  0.22204690E+02
 0.86224973E+05  0.22223012E+02
 0.86444078E+05  0.22242263E+02
 0.86663183E+05  0.22261718E+02
 0.86882287E+05  0.22282171E+02
 0.87101392E+05  0.22302866E+02
 0.87320497E+05  0.22324638E+02
 0.87539601E+05  0.22346695E+02
 0.87758706E+05  0.22369920E+02
 0.87977810E+05  0.22393484E+02
 0.88196915E+05  0.22418320E+02
 0.88416020E+05  0.22443559E+02
 0.88635124E+05  0.22470191E+02
 0.88854229E+05  0.22497302E+02
 0.89073334E+05  0.22525950E+02
 0.89292438E+05  0.22555171E+02
 0.89511543E+05  0.22585540E+02
 0.89730647E+05  0.22617713E+02
 0.89949752E+05  0.22650641E+02
 0.90168857E+05  0.22685598E+02
 0.90387961E+05  0.22721471E+02
 0.90607066E+05  0.22759649E+02
 0.90826171E+05  0.22798950E+02
 0.91045275E+05  0.22840900E+02
 0.91264380E+05  0.22884242E+02
 0.91483484E+05  0.22930672E+02
 0.91702589E+05  0.22978852E+02
 0.91921694E+05  0.23030691E+02
 0.92140798E+05  0.23084766E+02
 0.92359903E+05  0.23143266E+02
 0.92579008E+05  0.23204689E+02
 0.92798112E+05  0.23271601E+02
 0.93017217E+05  0.23342436E+02
 0.93236321E+05  0.23420306E+02
 0.93455426E+05  0.23503640E+02
