  0.00000  0.000000E+00
  0.01000  0.375709E-01
  0.02000  0.693608E-01
  0.03000  0.154645E+00
  0.04000  0.341809E+00
  0.05000  0.616564E+00
  0.06000  0.817626E+00
  0.07000  0.819085E+00
  0.08000  0.617351E+00
  0.09000  0.441792E+00
  0.10000  0.326455E+00
  0.11000  0.237312E+00
  0.12000  0.177871E+00
  0.13000  0.135214E+00
  0.14000  0.955665E-01
  0.15000  0.933213E-01
  0.16000  0.178517E+00
  0.17000  0.309340E+00
  0.18000  0.485675E+00
  0.19000  0.677570E+00
  0.20000  0.848519E+00
  0.21000  0.970005E+00
  0.22000  0.100000E+01
  0.23000  0.939085E+00
  0.24000  0.825387E+00
  0.25000  0.681095E+00
  0.26000  0.535766E+00
  0.27000  0.401907E+00
  0.28000  0.281872E+00
  0.29000  0.182398E+00
  0.30000  0.106985E+00
  0.31000  0.591167E-01
  0.32000  0.326977E-01
  0.33000  0.174207E-01
  0.34000  0.841144E-02
  0.35000  0.346768E-02
  0.36000  0.293865E-02
  0.37000  0.410213E-02
  0.38000  0.585538E-02
  0.39000  0.779563E-02
  0.40000  0.963622E-02
  0.41000  0.115967E-01
  0.42000  0.159364E-01
  0.43000  0.297256E-01
  0.44000  0.596266E-01
  0.45000  0.916790E-01
  0.46000  0.105227E+00
  0.47000  0.102990E+00
  0.48000  0.100830E+00
  0.49000  0.101267E+00
  0.50000  0.187462E+00
  0.51000  0.331183E+00
  0.52000  0.115874E+00
  0.53000  0.874280E-01
  0.54000  0.449034E-01
  0.55000  0.211358E-01
  0.56000  0.104055E-01
  0.57000  0.108342E-01
  0.58000  0.687708E-02
  0.59000  0.358120E-02
  0.60000  0.241600E-02
  0.61000  0.192193E-02
  0.62000  0.108495E-02
  0.63000  0.381852E-03
  0.64000  0.131572E-03
  0.65000  0.288861E-04
  0.66000  0.626125E-05
  0.67000  0.125766E-05
  0.68000  0.243612E-06
  0.69000  0.113175E-05
  0.70000  0.292046E-04
  0.71000  0.165035E-02
  0.72000  0.295044E-01
  0.73000  0.126878E+00
  0.74000  0.211523E+00
  0.75000  0.243042E+00
  0.76000  0.259862E+00
  0.77000  0.204577E+00
  0.78000  0.926645E-01
  0.79000  0.358329E-01
  0.80000  0.157028E-01
  0.81000  0.665358E-02
  0.82000  0.258270E-02
  0.83000  0.735085E-03
  0.84000  0.167203E-03
  0.85000  0.399379E-04
  0.86000  0.100173E-04
  0.87000  0.331146E-05
  0.88000  0.100645E-05
  0.89000  0.188476E-06
  0.90000  0.140344E-07
  0.91000  0.494446E-08
  0.92000  0.867046E-10
  0.93000  0.241684E-10
  0.94000  0.864042E-10
  0.95000  0.519991E-09
  0.96000  0.131292E-08
  0.97000  0.380965E-08
  0.98000  0.971558E-08
  0.99000  0.219796E-07
  1.00000  0.628876E-07
  1.01000  0.144676E-06
  1.02000  0.179306E-06
  1.03000  0.153123E-06
  1.04000  0.981319E-07
  1.05000  0.643376E-07
  1.06000  0.649094E-07
  1.07000  0.532543E-07
  1.08000  0.303372E-07
  1.09000  0.119566E-07
  1.10000  0.353475E-08
  1.11000  0.517346E-09
  1.12000  0.404415E-10
  1.13000  0.266901E-11
  1.14000  0.120559E-12
  1.15000  0.925428E-14
  1.16000  0.319226E-14
  1.17000  0.616856E-14
  1.18000  0.116239E-13
  1.19000  0.221730E-13
  1.20000  0.433537E-13
  1.21000  0.886076E-13
  1.22000  0.187251E-12
  1.23000  0.386981E-12
  1.24000  0.720928E-12
  1.25000  0.111893E-11
  1.26000  0.139063E-11
  1.27000  0.138008E-11
  1.28000  0.120324E-11
  1.29000  0.104812E-11
  1.30000  0.987556E-12
  1.31000  0.108583E-11
  1.32000  0.145331E-11
  1.33000  0.225846E-11
  1.34000  0.374162E-11
  1.35000  0.621175E-11
  1.36000  0.986794E-11
  1.37000  0.149106E-10
  1.38000  0.220797E-10
  1.39000  0.324883E-10
  1.40000  0.461483E-10
  1.41000  0.619979E-10
  1.42000  0.784637E-10
  1.43000  0.925032E-10
  1.44000  0.101856E-09
  1.45000  0.106731E-09
  1.46000  0.106921E-09
  1.47000  0.101934E-09
  1.48000  0.926526E-10
  1.49000  0.797815E-10
  1.50000  0.650970E-10
  1.51000  0.508015E-10
  1.52000  0.378683E-10
  1.53000  0.268757E-10
  1.54000  0.183419E-10
  1.55000  0.121863E-10
  1.56000  0.803157E-11
  1.57000  0.532807E-11
  1.58000  0.363516E-11
  1.59000  0.254911E-11
  1.60000  0.183145E-11
  1.61000  0.132282E-11
  1.62000  0.936542E-12
  1.63000  0.636637E-12
  1.64000  0.409776E-12
  1.65000  0.244274E-12
  1.66000  0.186170E-12
  1.67000  0.380376E-11
  1.68000  0.612974E-10
  1.69000  0.770075E-09
  1.70000  0.784846E-08
  1.71000  0.664777E-07
  1.72000  0.471206E-06
  1.73000  0.284326E-05
  1.74000  0.150369E-04
  1.75000  0.718014E-04
  1.76000  0.312552E-03
  1.77000  0.125533E-02
  1.78000  0.468811E-02
  1.79000  0.163545E-01
  1.80000  0.533798E-01
  1.81000  0.162193E+00
  1.82000  0.455618E+00
  1.83000  0.389230E-16
  1.84000  0.256107E-16
  1.85000  0.169110E-16
  1.86000  0.112163E-16
  1.87000  0.746589E-17
  1.88000  0.498630E-17
  1.89000  0.334143E-17
  1.90000  0.224792E-17
  1.91000  0.151884E-17
  1.92000  0.103003E-17
  1.93000  0.699929E-18
  1.94000  0.476308E-18
  1.95000  0.325023E-18
  1.96000  0.222680E-18
  1.97000  0.153290E-18
  1.98000  0.106179E-18
  1.99000  0.741439E-19
  2.00000  0.522862E-19
  2.01000  0.372639E-19
  2.02000  0.268479E-19
  2.03000  0.195523E-19
  2.04000  0.143865E-19
  2.05000  0.106678E-19
  2.06000  0.795658E-20
  2.07000  0.596297E-20
  2.08000  0.449058E-20
  2.09000  0.339998E-20
  2.10000  0.258959E-20
  2.11000  0.198579E-20
  2.12000  0.153476E-20
  2.13000  0.119721E-20
  2.14000  0.943859E-21
  2.15000  0.753482E-21
  2.16000  0.610770E-21
  2.17000  0.503536E-21
  2.18000  0.421664E-21
  2.19000  0.358444E-21
  2.20000  0.309492E-21
  2.21000  0.271706E-21
  2.22000  0.242662E-21
  2.23000  0.220687E-21
  2.24000  0.204544E-21
  2.25000  0.193868E-21
  2.26000  0.190234E-21
  2.27000  0.193623E-21
  2.28000  0.203465E-21
  2.29000  0.219721E-21
  2.30000  0.243394E-21
  2.31000  0.275639E-21
  2.32000  0.318313E-21
  2.33000  0.374588E-21
  2.34000  0.449389E-21
  2.35000  0.550127E-21
  2.36000  0.715801E-21
  2.37000  0.916403E-21
  2.38000  0.119760E-20
  2.39000  0.159792E-20
  2.40000  0.217814E-20
  2.41000  0.303653E-20
  2.42000  0.433568E-20
  2.43000  0.634094E-20
  2.44000  0.948098E-20
  2.45000  0.144653E-19
  2.46000  0.240772E-19
  2.47000  0.380709E-19
  2.48000  0.611865E-19
  2.49000  0.100018E-18
  2.50000  0.166151E-18
  2.51000  0.280229E-18
  2.52000  0.479706E-18
  2.53000  0.833044E-18
  2.54000  0.146724E-17
  2.55000  0.262011E-17
  2.56000  0.510839E-17
  2.57000  0.935123E-17
  2.58000  0.172869E-16
  2.59000  0.321988E-16
  2.60000  0.603219E-16
  2.61000  0.113549E-15
  2.62000  0.214621E-15
  2.63000  0.406743E-15
  2.64000  0.772281E-15
  2.65000  0.146884E-14
  2.66000  0.298679E-14
  2.67000  0.568369E-14
  2.68000  0.108243E-13
  2.69000  0.206222E-13
  2.70000  0.392739E-13
  2.71000  0.746944E-13
  2.72000  0.141711E-12
  2.73000  0.267874E-12
  2.74000  0.503859E-12
  2.75000  0.942024E-12
  2.76000  0.179344E-11
  2.77000  0.329101E-11
  2.78000  0.100812E-28
  2.79000  0.255884E-28
  2.80000  0.644555E-28
  2.81000  0.161095E-27
  2.82000  0.399484E-27
  2.83000  0.982991E-27
  2.84000  0.239907E-26
  2.85000  0.580718E-26
  2.86000  0.267844E-25
  2.87000  0.648155E-25
  2.88000  0.156906E-24
  2.89000  0.377765E-24
  2.90000  0.903018E-24
  2.91000  0.214200E-23
  2.92000  0.503554E-23
  2.93000  0.117168E-22
  2.94000  0.269685E-22
  2.95000  0.614076E-22
  2.96000  0.253733E-21
  2.97000  0.563607E-21
  2.98000  0.123813E-20
  2.99000  0.268772E-20
  3.00000  0.576537E-20
 0.36060614E+03  0.19383631E+03
 0.37157052E+03  0.19383631E+03
 0.38253489E+03  0.19383631E+03
 0.39349927E+03  0.19383631E+03
 0.40446364E+03  0.19383631E+03
 0.41542802E+03  0.19383631E+03
 0.42639239E+03  0.19383631E+03
 0.43735677E+03  0.19383631E+03
 0.44832115E+03  0.19383631E+03
 0.45928552E+03  0.19383631E+03
 0.47024990E+03  0.19383631E+03
 0.48121427E+03  0.19383631E+03
 0.49217865E+03  0.19383631E+03
 0.50314303E+03  0.19383631E+03
 0.51410740E+03  0.19383631E+03
 0.52507178E+03  0.19383631E+03
 0.53603615E+03  0.19383631E+03
 0.54700053E+03  0.19383631E+03
 0.55796491E+03  0.19383631E+03
 0.56892928E+03  0.19383631E+03
 0.57989366E+03  0.19383631E+03
 0.59085803E+03  0.19383631E+03
 0.60182241E+03  0.19383631E+03
 0.61278678E+03  0.19383631E+03
 0.62375116E+03  0.19383631E+03
 0.63471554E+03  0.19383631E+03
 0.64567991E+03  0.19383631E+03
 0.65664429E+03  0.19383631E+03
 0.66760866E+03  0.19383631E+03
 0.67857304E+03  0.19383631E+03
 0.68953742E+03  0.19383631E+03
 0.70050179E+03  0.19383631E+03
 0.71146617E+03  0.19383631E+03
 0.72243054E+03  0.19383631E+03
 0.73095839E+03  0.19383631E+03
 0.74070450E+03  0.19383631E+03
 0.75166888E+03  0.19383631E+03
 0.76263325E+03  0.19383631E+03
 0.77359763E+03  0.19383631E+03
 0.78456201E+03  0.19383631E+03
 0.79552638E+03  0.19383631E+03
 0.80649076E+03  0.19383631E+03
 0.81745513E+03  0.19383631E+03
 0.82841951E+03  0.19383631E+03
 0.83938389E+03  0.19383631E+03
 0.85034826E+03  0.19383631E+03
 0.85765785E+03  0.19383631E+03
 0.86862222E+03  0.19383631E+03
 0.87958660E+03  0.19383631E+03
 0.89055097E+03  0.19383631E+03
 0.90151535E+03  0.19383631E+03
 0.91247972E+03  0.19383631E+03
 0.92344410E+03  0.19383631E+03
 0.93440848E+03  0.19383631E+03
 0.94537285E+03  0.19383631E+03
 0.95633723E+03  0.19383631E+03
 0.96730160E+03  0.19383631E+03
 0.97826598E+03  0.19383631E+03
 0.98923036E+03  0.19383631E+03
 0.10001947E+04  0.19383631E+03
 0.10111591E+04  0.19383631E+03
 0.10221235E+04  0.19383631E+03
 0.10330879E+04  0.19383631E+03
 0.10440522E+04  0.19383631E+03
 0.10550166E+04  0.19383631E+03
 0.10659810E+04  0.19383631E+03
 0.10769454E+04  0.19383631E+03
 0.10879097E+04  0.19383631E+03
 0.10964376E+04  0.19383631E+03
 0.11061837E+04  0.19383631E+03
 0.11134933E+04  0.28065095E+02
 0.11244577E+04  0.28017939E+02
 0.11329855E+04  0.27987680E+02
 0.11427316E+04  0.27952724E+02
 0.11500412E+04  0.27928674E+02
 0.11610056E+04  0.27890926E+02
 0.11695334E+04  0.27863329E+02
 0.11792795E+04  0.27832084E+02
 0.11865891E+04  0.27806404E+02
 0.11975535E+04  0.27771792E+02
 0.12060813E+04  0.27745130E+02
 0.12158275E+04  0.27714924E+02
 0.12231370E+04  0.27692478E+02
 0.12341014E+04  0.27659086E+02
 0.12426293E+04  0.27633356E+02
 0.12523754E+04  0.27600704E+02
 0.12596850E+04  0.27578958E+02
 0.12706493E+04  0.27546616E+02
 0.12791772E+04  0.27521688E+02
 0.12889233E+04  0.27493435E+02
 0.12962329E+04  0.27472409E+02
 0.13071973E+04  0.27441133E+02
 0.13157251E+04  0.27417021E+02
 0.13254712E+04  0.27389688E+02
 0.13327808E+04  0.27369344E+02
 0.13437452E+04  0.27339074E+02
 0.13522730E+04  0.27315732E+02
 0.13620191E+04  0.27289268E+02
 0.13693287E+04  0.27269581E+02
 0.13802931E+04  0.27240293E+02
 0.13888209E+04  0.27217705E+02
 0.13985671E+04  0.27192091E+02
 0.14058766E+04  0.27173020E+02
 0.14168410E+04  0.27144633E+02
 0.14253689E+04  0.27122733E+02
 0.14351150E+04  0.27097898E+02
 0.14424246E+04  0.27079404E+02
 0.14533889E+04  0.27051872E+02
 0.14619168E+04  0.27030628E+02
 0.14716629E+04  0.27006532E+02
 0.14789725E+04  0.26988586E+02
 0.15106473E+04  0.26904205E+02
 0.15471953E+04  0.26817670E+02
 0.15837432E+04  0.26733552E+02
 0.16202911E+04  0.26651749E+02
 0.16568390E+04  0.26572143E+02
 0.16933869E+04  0.26494650E+02
 0.17299349E+04  0.26419163E+02
 0.17664828E+04  0.26345611E+02
 0.18030307E+04  0.26273895E+02
 0.18395786E+04  0.26203956E+02
 0.18761265E+04  0.26135704E+02
 0.19126745E+04  0.26069085E+02
 0.19492224E+04  0.26004022E+02
 0.19857703E+04  0.25941339E+02
 0.20223182E+04  0.25880056E+02
 0.20588661E+04  0.25820130E+02
 0.20954141E+04  0.25760949E+02
 0.21319620E+04  0.25702774E+02
 0.21685099E+04  0.25645830E+02
 0.22050578E+04  0.25595823E+02
 0.22416057E+04  0.25558234E+02
 0.22781537E+04  0.25521432E+02
 0.23147016E+04  0.25485395E+02
 0.23512495E+04  0.25461096E+02
 0.23877974E+04  0.25437611E+02
 0.24243453E+04  0.25414926E+02
 0.24608933E+04  0.25395199E+02
 0.24974412E+04  0.25377393E+02
 0.25339891E+04  0.25360434E+02
 0.25705370E+04  0.25343181E+02
 0.26070849E+04  0.25324445E+02
 0.26436328E+04  0.25306442E+02
 0.26801808E+04  0.25289167E+02
 0.27167287E+04  0.25266419E+02
 0.27532766E+04  0.25244262E+02
 0.27898245E+04  0.25222675E+02
 0.28263724E+04  0.25201048E+02
 0.28629204E+04  0.25179649E+02
 0.28994683E+04  0.25158763E+02
 0.29360162E+04  0.25137455E+02
 0.29725641E+04  0.25114781E+02
 0.30091120E+04  0.25092535E+02
 0.30456600E+04  0.25070705E+02
 0.30822079E+04  0.25048340E+02
 0.31187558E+04  0.25026346E+02
 0.31553037E+04  0.25004703E+02
 0.31918516E+04  0.24984020E+02
 0.32283996E+04  0.24963971E+02
 0.32649475E+04  0.24944227E+02
 0.33014954E+04  0.24924455E+02
 0.33380433E+04  0.24904315E+02
 0.33745912E+04  0.24884422E+02
 0.34111392E+04  0.24864756E+02
 0.34476871E+04  0.24841460E+02
 0.34842350E+04  0.24818346E+02
 0.35207829E+04  0.24795399E+02
 0.35427117E+04  0.24780427E+02
 0.35573308E+04  0.24769414E+02
 0.35719500E+04  0.24758426E+02
 0.35865692E+04  0.24747146E+02
 0.36011883E+04  0.24735259E+02
 0.36158075E+04  0.24723400E+02
 0.36304267E+04  0.24711568E+02
 0.36450458E+04  0.24699762E+02
 0.36596650E+04  0.24687981E+02
 0.36742842E+04  0.24676225E+02
 0.36889033E+04  0.24663249E+02
 0.37035225E+04  0.24649687E+02
 0.37181417E+04  0.24636162E+02
 0.37327609E+04  0.24622366E+02
 0.37473800E+04  0.24607997E+02
 0.37619992E+04  0.24593673E+02
 0.37766184E+04  0.24579391E+02
 0.37912375E+04  0.24563353E+02
 0.38058567E+04  0.24547379E+02
 0.38204759E+04  0.24531468E+02
 0.38350950E+04  0.24515031E+02
 0.38497142E+04  0.24498373E+02
 0.38643334E+04  0.24481787E+02
 0.38789525E+04  0.24464414E+02
 0.38935717E+04  0.24445424E+02
 0.39081909E+04  0.24426547E+02
 0.39228100E+04  0.24407782E+02
 0.39374292E+04  0.24388302E+02
 0.39520484E+04  0.24368945E+02
 0.39666675E+04  0.24349711E+02
 0.39812867E+04  0.24329530E+02
 0.39959059E+04  0.24308964E+02
 0.40105250E+04  0.24288547E+02
 0.40251442E+04  0.24267504E+02
 0.40397634E+04  0.24245102E+02
 0.40543825E+04  0.24222895E+02
 0.40690017E+04  0.24200878E+02
 0.40836209E+04  0.24178318E+02
 0.40982400E+04  0.24155960E+02
 0.41128592E+04  0.24133799E+02
 0.41274784E+04  0.24110894E+02
 0.41420975E+04  0.24087741E+02
 0.41567167E+04  0.24064809E+02
 0.41713359E+04  0.24042316E+02
 0.41859551E+04  0.24020469E+02
 0.42005742E+04  0.23998810E+02
 0.42151934E+04  0.23977334E+02
 0.42298126E+04  0.23955399E+02
 0.42444317E+04  0.23933655E+02
 0.42590509E+04  0.23912099E+02
 0.42736701E+04  0.23884198E+02
 0.42882892E+04  0.23853488E+02
 0.43029084E+04  0.23823271E+02
 0.43175276E+04  0.23804853E+02
 0.43321467E+04  0.23809330E+02
 0.43467659E+04  0.23813938E+02
 0.43613851E+04  0.23818681E+02
 0.43760042E+04  0.23819935E+02
 0.43906234E+04  0.23821258E+02
 0.44052426E+04  0.23822650E+02
 0.44198617E+04  0.23803718E+02
 0.44344809E+04  0.23774965E+02
 0.44491001E+04  0.23746634E+02
 0.44637192E+04  0.23710926E+02
 0.44783384E+04  0.23660938E+02
 0.44929576E+04  0.23612583E+02
 0.45075767E+04  0.23565744E+02
 0.45221959E+04  0.23543530E+02
 0.45368151E+04  0.23521528E+02
 0.45514342E+04  0.23499735E+02
 0.45660534E+04  0.23495535E+02
 0.45806726E+04  0.23500169E+02
 0.45952918E+04  0.23504931E+02
 0.46099109E+04  0.23501472E+02
 0.46245301E+04  0.23481465E+02
 0.46391493E+04  0.23461617E+02
 0.46537684E+04  0.23441926E+02
 0.46683876E+04  0.23408205E+02
 0.46830068E+04  0.23375139E+02
 0.46976259E+04  0.23342698E+02
 0.47122451E+04  0.23323175E+02
 0.47268643E+04  0.23309946E+02
 0.47414834E+04  0.23296759E+02
 0.47561026E+04  0.23288262E+02
 0.47707218E+04  0.23289108E+02
 0.47853409E+04  0.23290011E+02
 0.47999601E+04  0.23290971E+02
 0.48145793E+04  0.23260576E+02
 0.48291984E+04  0.23230696E+02
 0.48438176E+04  0.23201310E+02
 0.48584368E+04  0.23157759E+02
 0.48730559E+04  0.23108422E+02
 0.48876751E+04  0.23060715E+02
 0.49022943E+04  0.23026966E+02
 0.49169134E+04  0.23018600E+02
 0.49315326E+04  0.23010244E+02
 0.49461518E+04  0.23001896E+02
 0.49607709E+04  0.23011077E+02
 0.49753901E+04  0.23020490E+02
 0.49900093E+04  0.23030143E+02
 0.50046285E+04  0.23022999E+02
 0.50192476E+04  0.23007445E+02
 0.50338668E+04  0.22991975E+02
 0.50484860E+04  0.22975112E+02
 0.50631051E+04  0.22955441E+02
 0.50777243E+04  0.22935939E+02
 0.50923435E+04  0.22916604E+02
 0.51069626E+04  0.22906600E+02
 0.51215818E+04  0.22896616E+02
 0.51362010E+04  0.22886652E+02
 0.51508201E+04  0.22883505E+02
 0.51654393E+04  0.22883798E+02
 0.51800585E+04  0.22884135E+02
 0.51946776E+04  0.22885836E+02
 0.52092968E+04  0.22890258E+02
 0.52239160E+04  0.22894790E+02
 0.52385351E+04  0.22899434E+02
 0.52531543E+04  0.22892662E+02
 0.52677735E+04  0.22885897E+02
 0.52823926E+04  0.22879140E+02
 0.52970118E+04  0.22863810E+02
 0.53116310E+04  0.22844338E+02
 0.53262501E+04  0.22825039E+02
 0.53408693E+04  0.22805557E+02
 0.53554885E+04  0.22785551E+02
 0.53701076E+04  0.22765734E+02
 0.53847268E+04  0.22746100E+02
 0.53993460E+04  0.22730005E+02
 0.54139652E+04  0.22714013E+02
 0.54285843E+04  0.22698123E+02
 0.54432035E+04  0.22684080E+02
 0.54578227E+04  0.22670976E+02
 0.54724418E+04  0.22657928E+02
 0.54870610E+04  0.22647189E+02
 0.55016802E+04  0.22640977E+02
 0.55162993E+04  0.22634774E+02
 0.55309185E+04  0.22628580E+02
 0.55455377E+04  0.22625615E+02
 0.55601568E+04  0.22622667E+02
 0.55747760E+04  0.22619734E+02
 0.55893952E+04  0.22612712E+02
 0.56040143E+04  0.22603655E+02
 0.56186335E+04  0.22594619E+02
 0.56332527E+04  0.22586993E+02
 0.56478718E+04  0.22582161E+02
 0.56624910E+04  0.22577339E+02
 0.56771102E+04  0.22572529E+02
 0.56917293E+04  0.22570630E+02
 0.57063485E+04  0.22568754E+02
 0.57209677E+04  0.22566901E+02
 0.57355868E+04  0.22557920E+02
 0.57502060E+04  0.22545413E+02
 0.57648252E+04  0.22532962E+02
 0.57794443E+04  0.22523323E+02
 0.57940635E+04  0.22519228E+02
 0.58086827E+04  0.22515145E+02
 0.58233018E+04  0.22511074E+02
 0.58379210E+04  0.22511832E+02
 0.58525402E+04  0.22512636E+02
 0.58671594E+04  0.22513488E+02
 0.58817785E+04  0.22510467E+02
 0.58963977E+04  0.22505503E+02
 0.59110169E+04  0.22500551E+02
 0.59256360E+04  0.22496591E+02
 0.59402552E+04  0.22494610E+02
 0.59548744E+04  0.22492651E+02
 0.59694935E+04  0.22490715E+02
 0.59841127E+04  0.22484838E+02
 0.59987319E+04  0.22478974E+02
 0.60133510E+04  0.22473122E+02
 0.60279702E+04  0.22463121E+02
 0.60425894E+04  0.22451087E+02
 0.60572085E+04  0.22439108E+02
 0.60718277E+04  0.22429870E+02
 0.60864469E+04  0.22426030E+02
 0.61010660E+04  0.22422206E+02
 0.61156852E+04  0.22418397E+02
 0.61303044E+04  0.22423722E+02
 0.61449235E+04  0.22429164E+02
 0.61595427E+04  0.22434725E+02
 0.61741619E+04  0.22431904E+02
 0.61887810E+04  0.22424866E+02
 0.62034002E+04  0.22417846E+02
 0.62180194E+04  0.22412507E+02
 0.62326385E+04  0.22410518E+02
 0.62472577E+04  0.22408552E+02
 0.62618769E+04  0.22406609E+02
 0.62764961E+04  0.22406038E+02
 0.62911152E+04  0.22405501E+02
 0.63057344E+04  0.22404997E+02
 0.63203536E+04  0.22398396E+02
 0.63349727E+04  0.22388764E+02
 0.63495919E+04  0.22379167E+02
 0.63642111E+04  0.22371731E+02
 0.63788302E+04  0.22368570E+02
 0.63934494E+04  0.22365428E+02
 0.64080686E+04  0.22362305E+02
 0.64226877E+04  0.22361572E+02
 0.64373069E+04  0.22360871E+02
 0.64519261E+04  0.22360202E+02
 0.64665452E+04  0.22360482E+02
 0.64811644E+04  0.22361262E+02
 0.64957836E+04  0.22362089E+02
 0.65104027E+04  0.22360292E+02
 0.65250219E+04  0.22353183E+02
 0.65396411E+04  0.22346095E+02
 0.65542602E+04  0.22339029E+02
 0.65688794E+04  0.22315882E+02
 0.65834986E+04  0.22293056E+02
 0.65981177E+04  0.22270541E+02
 0.66127369E+04  0.22255039E+02
 0.66273561E+04  0.22242998E+02
 0.66419752E+04  0.22231021E+02
 0.66565944E+04  0.22222949E+02
 0.66712136E+04  0.22222601E+02
 0.66858328E+04  0.22222288E+02
 0.67004519E+04  0.22222011E+02
 0.67150711E+04  0.22211393E+02
 0.67296903E+04  0.22200823E+02
 0.67443094E+04  0.22190303E+02
 0.67589286E+04  0.22184286E+02
 0.67735478E+04  0.22180521E+02
 0.67881669E+04  0.22176774E+02
 0.68027861E+04  0.22173686E+02
 0.68174053E+04  0.22171900E+02
 0.68320244E+04  0.22170140E+02
 0.68466436E+04  0.22168405E+02
 0.68612628E+04  0.22166050E+02
 0.68758819E+04  0.22163718E+02
 0.68905011E+04  0.22161410E+02
 0.69051203E+04  0.22159341E+02
 0.69197394E+04  0.22157406E+02
 0.69343586E+04  0.22155496E+02
 0.69489778E+04  0.22153393E+02
 0.69635969E+04  0.22150876E+02
 0.69782161E+04  0.22148382E+02
 0.69928353E+04  0.22145911E+02
 0.70074544E+04  0.22143463E+02
 0.70220736E+04  0.22141038E+02
 0.70366928E+04  0.22138637E+02
 0.70513119E+04  0.22136037E+02
 0.70659311E+04  0.22133350E+02
 0.70805503E+04  0.22130684E+02
 0.70951695E+04  0.22127930E+02
 0.71097886E+04  0.22124975E+02
 0.71244078E+04  0.22122043E+02
 0.71390270E+04  0.22119131E+02
 0.71536461E+04  0.22116242E+02
 0.71682653E+04  0.22113375E+02
 0.71828845E+04  0.22110530E+02
 0.71975036E+04  0.22107482E+02
 0.72121228E+04  0.22104343E+02
 0.72267420E+04  0.22101226E+02
 0.72413611E+04  0.22097905E+02
 0.72559803E+04  0.22094154E+02
 0.72705995E+04  0.22090424E+02
 0.72852186E+04  0.22086714E+02
 0.72998378E+04  0.22083024E+02
 0.73144570E+04  0.22079355E+02
 0.73290761E+04  0.22075706E+02
 0.73436953E+04  0.22071852E+02
 0.73583145E+04  0.22067906E+02
 0.73729336E+04  0.22063979E+02
 0.73875528E+04  0.22060073E+02
 0.74021720E+04  0.22056187E+02
 0.74167911E+04  0.22052322E+02
 0.74314103E+04  0.22048477E+02
 0.74460295E+04  0.22044653E+02
 0.74606486E+04  0.22040849E+02
 0.74752678E+04  0.22037066E+02
 0.74898870E+04  0.22033304E+02
 0.75045061E+04  0.22029562E+02
 0.75191253E+04  0.22025840E+02
 0.75337445E+04  0.22022139E+02
 0.75483637E+04  0.22018459E+02
 0.75629828E+04  0.22014799E+02
 0.75776020E+04  0.22011160E+02
 0.75922212E+04  0.22007542E+02
 0.76068403E+04  0.22003944E+02
 0.76214595E+04  0.22000367E+02
 0.76360787E+04  0.21997039E+02
 0.76506978E+04  0.21993846E+02
 0.76653170E+04  0.21990674E+02
 0.76799362E+04  0.21987294E+02
 0.76945553E+04  0.21983478E+02
 0.77091745E+04  0.21979681E+02
 0.77237937E+04  0.21975905E+02
 0.77384128E+04  0.21972493E+02
 0.77530320E+04  0.21969101E+02
 0.77676512E+04  0.21965730E+02
 0.77822703E+04  0.21962380E+02
 0.77968895E+04  0.21959050E+02
 0.78115087E+04  0.21955741E+02
 0.78261278E+04  0.21952452E+02
 0.78407470E+04  0.21949184E+02
 0.78553662E+04  0.21945937E+02
 0.78699853E+04  0.21942709E+02
 0.78846045E+04  0.21939849E+02
 0.78992237E+04  0.21937010E+02
 0.79138428E+04  0.21934192E+02
 0.79284620E+04  0.21930932E+02
 0.79430812E+04  0.21927460E+02
 0.79577004E+04  0.21924007E+02
 0.79723195E+04  0.21920691E+02
 0.79869387E+04  0.21917627E+02
 0.80015579E+04  0.21914583E+02
 0.80161770E+04  0.21911559E+02
 0.80307962E+04  0.21908555E+02
 0.80454154E+04  0.21905572E+02
 0.80600345E+04  0.21902609E+02
 0.80746537E+04  0.21899665E+02
 0.80892729E+04  0.21896742E+02
 0.81038920E+04  0.21893839E+02
 0.81185112E+04  0.21890955E+02
 0.81331304E+04  0.21888092E+02
 0.81477495E+04  0.21885248E+02
 0.81623687E+04  0.21882424E+02
 0.81769879E+04  0.21879620E+02
 0.81916070E+04  0.21876835E+02
 0.82062262E+04  0.21874070E+02
 0.82208454E+04  0.21871325E+02
 0.82354645E+04  0.21868599E+02
 0.82500837E+04  0.21865893E+02
 0.82647029E+04  0.21863088E+02
 0.82793220E+04  0.21860065E+02
 0.82939412E+04  0.21857061E+02
 0.83085604E+04  0.21854076E+02
 0.83231795E+04  0.21851464E+02
 0.83377987E+04  0.21848872E+02
 0.83524179E+04  0.21846299E+02
 0.83670371E+04  0.21843745E+02
 0.83816562E+04  0.21841210E+02
 0.83962754E+04  0.21838693E+02
 0.84108946E+04  0.21836196E+02
 0.84255137E+04  0.21833717E+02
 0.84401329E+04  0.21831256E+02
 0.84547521E+04  0.21828815E+02
 0.84693712E+04  0.21826391E+02
 0.84839904E+04  0.21823986E+02
 0.84986096E+04  0.21821599E+02
 0.85132287E+04  0.21818990E+02
 0.85278479E+04  0.21816277E+02
 0.85424671E+04  0.21813582E+02
 0.85570862E+04  0.21811025E+02
 0.85717054E+04  0.21808726E+02
 0.85863246E+04  0.21806446E+02
 0.86009437E+04  0.21804183E+02
 0.86155629E+04  0.21801938E+02
 0.86301821E+04  0.21799711E+02
 0.86448012E+04  0.21797501E+02
 0.86594204E+04  0.21794820E+02
 0.86740396E+04  0.21791912E+02
 0.86886587E+04  0.21789019E+02
 0.87032779E+04  0.21786386E+02
 0.87178971E+04  0.21784258E+02
 0.87325162E+04  0.21782147E+02
 0.87471354E+04  0.21780052E+02
 0.87617546E+04  0.21777606E+02
 0.87763737E+04  0.21775175E+02
 0.87909929E+04  0.21772760E+02
 0.88056121E+04  0.21770606E+02
 0.88202313E+04  0.21768592E+02
 0.88348504E+04  0.21766594E+02
 0.88494696E+04  0.21764612E+02
 0.88640888E+04  0.21762645E+02
 0.88787079E+04  0.21760694E+02
 0.88933271E+04  0.21758759E+02
 0.89079463E+04  0.21756093E+02
 0.89225654E+04  0.21753440E+02
 0.89371846E+04  0.21750800E+02
 0.89518038E+04  0.21748673E+02
 0.89664229E+04  0.21746810E+02
 0.89810421E+04  0.21744962E+02
 0.89956613E+04  0.21743004E+02
 0.90102804E+04  0.21740808E+02
 0.90248996E+04  0.21738627E+02
 0.90395188E+04  0.21736458E+02
 0.90541379E+04  0.21734681E+02
 0.90687571E+04  0.21732917E+02
 0.90833763E+04  0.21731168E+02
 0.90979954E+04  0.21729433E+02
 0.91126146E+04  0.21727711E+02
 0.91272338E+04  0.21726003E+02
 0.91418529E+04  0.21724053E+02
 0.91564721E+04  0.21721607E+02
 0.91710913E+04  0.21719172E+02
 0.91857104E+04  0.21716747E+02
 0.92003296E+04  0.21715101E+02
 0.92149488E+04  0.21713467E+02
 0.92295680E+04  0.21711846E+02
 0.92441871E+04  0.21709980E+02
 0.92588063E+04  0.21707997E+02
 0.92734255E+04  0.21706025E+02
 0.92880446E+04  0.21704193E+02
 0.93026638E+04  0.21702630E+02
 0.93172830E+04  0.21701079E+02
 0.93319021E+04  0.21699540E+02
 0.93465213E+04  0.21698012E+02
 0.93611405E+04  0.21696495E+02
 0.93757596E+04  0.21694989E+02
 0.93903788E+04  0.21692972E+02
 0.94049980E+04  0.21690704E+02
 0.94196171E+04  0.21688443E+02
 0.94342363E+04  0.21686453E+02
 0.94488555E+04  0.21684995E+02
 0.94634746E+04  0.21683549E+02
 0.94780938E+04  0.21682112E+02
 0.94927130E+04  0.21680289E+02
 0.95073321E+04  0.21678475E+02
 0.95219513E+04  0.21676669E+02
 0.95365705E+04  0.21675136E+02
 0.95511896E+04  0.21673744E+02
 0.95658088E+04  0.21672361E+02
 0.95804280E+04  0.21670854E+02
 0.95950471E+04  0.21669088E+02
 0.96096663E+04  0.21667330E+02
 0.96242855E+04  0.21665579E+02
 0.96389047E+04  0.21663834E+02
 0.96535238E+04  0.21662097E+02
 0.96681430E+04  0.21660365E+02
 0.96876352E+04  0.21658470E+02
 0.97095640E+04  0.21656505E+02
 0.97314927E+04  0.21654556E+02
 0.97582945E+04  0.21651924E+02
 0.97948424E+04  0.21647920E+02
 0.98313904E+04  0.21643948E+02
 0.98679383E+04  0.21640005E+02
 0.99044862E+04  0.21636087E+02
 0.99410341E+04  0.21632192E+02
 0.99775820E+04  0.21628317E+02
 0.10014130E+05  0.21624180E+02
 0.10050678E+05  0.21619915E+02
 0.10087226E+05  0.21615659E+02
 0.10123774E+05  0.21611548E+02
 0.10160322E+05  0.21607724E+02
 0.10196870E+05  0.21603901E+02
 0.10233417E+05  0.21600079E+02
 0.10269965E+05  0.21596252E+02
 0.10306513E+05  0.21592420E+02
 0.10343061E+05  0.21588578E+02
 0.10379609E+05  0.21584436E+02
 0.10416157E+05  0.21580131E+02
 0.10452705E+05  0.21575807E+02
 0.10489253E+05  0.21571604E+02
 0.10525801E+05  0.21567669E+02
 0.10562349E+05  0.21563707E+02
 0.10598897E+05  0.21559718E+02
 0.10635445E+05  0.21555253E+02
 0.10671993E+05  0.21550754E+02
 0.10708540E+05  0.21546213E+02
 0.10745088E+05  0.21541633E+02
 0.10781636E+05  0.21537007E+02
 0.10818184E+05  0.21532337E+02
 0.10854732E+05  0.21527766E+02
 0.10891280E+05  0.21523446E+02
 0.10927828E+05  0.21519075E+02
 0.10964376E+05  0.21514652E+02
 0.11000924E+05  0.21510173E+02
 0.11037472E+05  0.21505637E+02
 0.11074020E+05  0.21501042E+02
 0.11110568E+05  0.21495776E+02
 0.11147115E+05  0.21490140E+02
 0.11183663E+05  0.21484436E+02
 0.11220211E+05  0.21478817E+02
 0.11256759E+05  0.21473433E+02
 0.11293307E+05  0.21467979E+02
 0.11329855E+05  0.21462453E+02
 0.11366403E+05  0.21456855E+02
 0.11402951E+05  0.21451182E+02
 0.11439499E+05  0.21445435E+02
 0.11476047E+05  0.21439611E+02
 0.11512595E+05  0.21433712E+02
 0.11549143E+05  0.21427733E+02
 0.11585690E+05  0.21421679E+02
 0.11622238E+05  0.21415544E+02
 0.11658786E+05  0.21409333E+02
 0.11695334E+05  0.21403040E+02
 0.11731882E+05  0.21396206E+02
 0.11768430E+05  0.21389289E+02
 0.11804978E+05  0.21382297E+02
 0.11841526E+05  0.21375532E+02
 0.11878074E+05  0.21368846E+02
 0.11914622E+05  0.21362080E+02
 0.11951170E+05  0.21355237E+02
 0.11987718E+05  0.21348315E+02
 0.12024266E+05  0.21341319E+02
 0.12060813E+05  0.21334244E+02
 0.12097361E+05  0.21326632E+02
 0.12133909E+05  0.21318945E+02
 0.12170457E+05  0.21311187E+02
 0.12231370E+05  0.21301427E+02
 0.12304466E+05  0.21257763E+02
 0.12377562E+05  0.21270964E+02
 0.12450658E+05  0.21248147E+02
 0.12523754E+05  0.21239237E+02
 0.12596850E+05  0.21236467E+02
 0.12669945E+05  0.21203391E+02
 0.12743041E+05  0.21200538E+02
 0.12816137E+05  0.21206767E+02
 0.12889233E+05  0.21205535E+02
 0.13400904E+05  0.21166356E+02
 0.14131862E+05  0.21129804E+02
 0.14862821E+05  0.21058579E+02
 0.15593779E+05  0.20960290E+02
 0.16324737E+05  0.20918139E+02
 0.17055696E+05  0.20922558E+02
 0.17786654E+05  0.20948688E+02
 0.18517613E+05  0.20969057E+02
 0.19248571E+05  0.21027656E+02
 0.19979529E+05  0.21061179E+02
 0.20710488E+05  0.21109838E+02
 0.21441446E+05  0.21155762E+02
 0.22172405E+05  0.21149333E+02
 0.22903363E+05  0.21097659E+02
 0.23634321E+05  0.21065073E+02
 0.24365280E+05  0.21098201E+02
 0.25096238E+05  0.21169326E+02
 0.25827196E+05  0.21282231E+02
 0.26558155E+05  0.21401527E+02
 0.27289113E+05  0.21457600E+02
 0.28020072E+05  0.21518550E+02
 0.28751030E+05  0.21617668E+02
 0.29481988E+05  0.21761594E+02
 0.30212947E+05  0.21850611E+02
 0.30943905E+05  0.21747758E+02
