#   6  AB   g          r          i          z          Y          0.00054643
#   6  AB   -0.077  0.193  0.425  0.533  0.582  1.840
     1      2      6   -0.3125    0.3076    0.7114    1.0031    1.1472    2.9196
     2      4      6   -0.2727    0.3117    0.7201    1.0244    1.1518    2.6714
     3      6      6   -0.3077    0.3127    0.6894    1.0133    1.1516    2.7897
     4      8      6   -0.2240    0.2715    0.5778    0.8551    1.0364    2.5437
     5     10      6   -0.2820    0.3062    0.6736    0.9465    1.0827    2.6824
     6     12      6   -0.2339    0.2941    0.6218    0.8676    1.0444    2.5744
     7     14      6   -0.1997    0.2040    0.5073    0.8069    0.9338    2.4724
     8     16      6   -0.2134    0.2797    0.6196    0.8381    0.9722    2.5587
     9     18      6   -0.1967    0.2617    0.5793    0.8086    0.9446    2.2487
    10     20      6   -0.2659    0.2820    0.6181    0.8600    0.9943    2.5012
    11     22      6   -0.1303    0.2296    0.5254    0.7549    0.8772    2.1532
    12     24      6   -0.1981    0.2812    0.5471    0.7670    0.9139    2.3193
    13     26      6   -0.2077    0.2518    0.5237    0.7512    0.8745    2.6189
    14     28      6   -0.1562    0.2360    0.4736    0.6724    0.7867    2.1941
    15     30      6   -0.1058    0.1869    0.3937    0.5426    0.6685    1.9718
    16     32      6   -0.1329    0.2324    0.5393    0.7507    0.8639    2.0112
    17     34      6   -0.1886    0.2286    0.4719    0.6715    0.7488    2.2182
    18     36      6   -0.1470    0.2046    0.4724    0.5906    0.6772    2.1763
    19     38      6   -0.0764    0.1887    0.3654    0.4668    0.5667    1.8835
    20     40      6   -0.1147    0.2193    0.4644    0.5941    0.6782    2.0547
    21     42      6   -0.1263    0.1988    0.4474    0.5619    0.6244    2.0070
    22     44      6   -0.0981    0.1844    0.4279    0.5603    0.6539    1.9675
    23     46      6   -0.0568    0.1620    0.3317    0.4029    0.5007    1.6451
    24     48      6   -0.0413    0.1883    0.4037    0.5101    0.5807    1.8336
    25     50      6   -0.1018    0.1874    0.4034    0.5102    0.5883    1.8410
    26     52      6   -0.0648    0.1916    0.3915    0.5152    0.5827    1.8619
    27     54      6    0.0246    0.1370    0.3002    0.3926    0.4806    1.5431
    28     56      6   -0.0505    0.1767    0.3573    0.4723    0.5268    1.9884
    29     58      6    0.0166    0.1399    0.3323    0.4316    0.4923    1.9414
    30     60      6   -0.0017    0.1545    0.3160    0.4422    0.4978    1.9883
    31     62      6   -0.0244    0.1541    0.3172    0.3992    0.4448    1.4719
    32     64      6    0.0477    0.1236    0.2540    0.3103    0.3645    1.4599
    33     66      6    0.0439    0.1479    0.2720    0.3320    0.3814    1.4844
    34     68      6    0.0812    0.0886    0.1927    0.2354    0.2750    1.4959
    35     70      6    0.0673    0.0905    0.1859    0.2398    0.2584    1.3433
    36     72      6    0.1658    0.0191    0.0375    0.0955    0.1334    1.1405
    37     74      6    0.0697    0.0810    0.1263    0.1232    0.1754    1.2965
    38     76      6    0.0254    0.0966    0.2098    0.2810    0.2781    1.2130
    39     78      6    0.1141    0.0695    0.1228    0.1199    0.1630    1.1494
    40     80      6    0.1395    0.0372    0.0652    0.1522    0.1637    1.1718
    41     82      6    0.1605    0.0336    0.0874    0.1024    0.0997    1.0947
    42     84      6    0.2335    0.0055    0.0203    0.0307    0.0416    1.0918
    43     86      6    0.1962    0.0087   -0.0084    0.0021    0.0242    1.2465
    44     88      6    0.0924    0.0228    0.0439    0.0508    0.0643    1.1035
    45     90      6    0.2194   -0.0272   -0.0514   -0.0468   -0.0649    0.7533
    46     92      6    0.1949   -0.0266   -0.0553   -0.0139   -0.0021    0.8976
    47     94      6    0.2318   -0.0215   -0.0456   -0.0257   -0.0050    0.8295
    48     96      6    0.2374   -0.0251   -0.0524   -0.0039    0.0175    0.8353
    49     98      6    0.2452   -0.0415   -0.1031   -0.0918   -0.0753    0.7497
    50    100      6    0.2726   -0.0640   -0.1380   -0.1454   -0.1942    0.6027
    51    102      6    0.3341   -0.0286   -0.0265   -0.0195   -0.0231    0.6913
    52    104      6    0.2883   -0.0484   -0.1239   -0.1196   -0.1095    0.6086
    53    106      6    0.3012   -0.0592   -0.1398   -0.1700   -0.1806    0.6643
    54    108      6    0.2827   -0.0495   -0.1209   -0.0951   -0.0758    0.6030
    55    110      6    0.3047   -0.0894   -0.2158   -0.1912   -0.2031    0.4803
    56    112      6    0.4435   -0.1251   -0.1818   -0.1790   -0.1889    0.4536
    57    114      6    0.3616   -0.1257   -0.2523   -0.3006   -0.2987    0.1399
    58    116      6    0.3109   -0.0834   -0.1782   -0.1852   -0.1874    0.4603
    59    118      6    0.2997   -0.0828   -0.2048   -0.2198   -0.2012    0.5976
    60    120      6    0.3079   -0.0756   -0.1861   -0.2079   -0.2177    0.5186
    61    122      6    0.3146   -0.1051   -0.2484   -0.2864   -0.3021    0.4163
    62    124      6    0.4989   -0.1648   -0.2595   -0.2536   -0.2893    0.4233
    63    126      6    0.3587   -0.0955   -0.2254   -0.2576   -0.2602    0.3984
    64    128      6    0.3441   -0.1092   -0.2435   -0.2838   -0.3013    0.3425
    65    130      6    0.6019   -0.1928   -0.3192   -0.3521   -0.3894    0.1061
    66    132      6    0.5080   -0.1751   -0.3399   -0.3928   -0.4347    0.0960
    67    134      6    0.4782   -0.1945   -0.3845   -0.4525   -0.4687   -0.1440
    68    136      6    0.4677   -0.1834   -0.3661   -0.4592   -0.4873   -0.1013
    69    138      6    0.4944   -0.1977   -0.3899   -0.4552   -0.4694   -0.2824
    70    140      6    0.4020   -0.1464   -0.2927   -0.3298   -0.3251    0.3030
    71    142      6    0.3714   -0.1134   -0.2577   -0.3109   -0.3498    0.3990
    72    144      6    0.3601   -0.1069   -0.2124   -0.2317   -0.1939    0.3653
    73    146      6    0.3793   -0.1315   -0.2522   -0.2960   -0.3342    0.2363
    74    148      6    0.6806   -0.3078   -0.4912   -0.5685   -0.6198    0.1221
    75    150      6    0.5281   -0.2093   -0.4248   -0.5279   -0.5763   -0.2064
    76    152      6    0.4795   -0.2090   -0.4336   -0.5300   -0.5750   -0.2190
    77    154      6    0.4509   -0.1872   -0.3768   -0.4637   -0.4846    0.1005
    78    156      6    0.4215   -0.1509   -0.3170   -0.3543   -0.3766    0.1633
    79    158      6    0.7114   -0.2969   -0.5583   -0.7179   -0.7935   -0.2942
    80    160      6    0.5197   -0.2362   -0.4787   -0.5832   -0.6443   -0.3453
    81    162      6    0.5284   -0.2171   -0.4407   -0.5370   -0.5765   -0.3009
    82    164      6    0.5546   -0.2492   -0.4846   -0.5928   -0.6343   -0.4952
    83    166      6    0.5336   -0.2348   -0.4600   -0.5786   -0.6146   -0.1256
    84    168      6    0.4359   -0.1872   -0.3725   -0.4391   -0.4513   -0.0051
    85    170      6    0.4718   -0.1881   -0.3504   -0.4379   -0.4828   -0.0895
    86    172      6    0.5665   -0.2758   -0.5440   -0.6733   -0.7460   -0.5011
    87    174      6    0.5684   -0.2402   -0.4839   -0.5837   -0.6219   -0.4927
    88    176      6    0.6234   -0.2714   -0.5442   -0.6914   -0.7790   -0.6948
    89    178      6    0.5567   -0.2835   -0.5339   -0.6822   -0.7466   -0.2381
    90    180      6    0.8670   -0.3747   -0.6996   -0.8874   -1.0014   -0.3109
    91    182      6    0.6329   -0.2926   -0.6038   -0.7573   -0.8190   -0.7425
    92    184      6    0.5808   -0.2576   -0.5439   -0.6637   -0.7262   -0.6903
    93    186      6    0.6738   -0.3029   -0.6089   -0.7576   -0.8145   -0.8851
    94    188      6    0.5395   -0.2329   -0.4490   -0.5393   -0.5698   -0.3017
    95    190      6    0.8186   -0.3749   -0.7593   -0.9994   -1.1039   -1.2192
    96    192      6    0.9204   -0.4399   -0.8201   -1.0150   -1.1416   -0.8595
    97    194      6    0.6772   -0.3285   -0.6434   -0.8149   -0.8928   -1.1944
    98    196      6    0.6490   -0.3111   -0.6440   -0.8151   -0.8761   -0.9902
    99    198      6    0.7470   -0.3298   -0.6504   -0.8446   -0.9188   -1.1682
   100    200      6    0.7010   -0.2980   -0.6238   -0.7632   -0.8064   -0.4732
   101    202      6    0.5866   -0.2752   -0.5581   -0.6650   -0.6908   -0.4263
   102    204      6    0.9700   -0.4795   -1.0438   -1.3768   -1.4940   -1.7041
   103    206      6    0.8349   -0.3695   -0.7726   -1.0043   -1.0785   -1.4179
   104    208      6    0.7824   -0.3790   -0.7685   -0.9902   -1.0552   -1.2642
   105    210      6    0.8169   -0.3823   -0.7830   -1.0447   -1.1535   -1.4621
   106    212      6    0.6708   -0.3345   -0.6766   -0.8115   -0.8669   -0.6988
   107    214      6    0.8294   -0.4336   -0.9707   -1.2686   -1.3986   -1.6302
   108    216      6    0.8817   -0.4586   -0.9872   -1.2660   -1.3678   -1.7608
   109    218      6    0.7740   -0.3978   -0.7835   -0.9508   -1.0256   -0.9106
   110    220      6    0.8786   -0.4475   -0.9783   -1.2170   -1.2920   -1.0964
   111    222      6    0.8329   -0.4500   -1.0735   -1.4024   -1.5251   -1.8768
   112    224      6    0.8594   -0.4638   -1.0972   -1.4109   -1.5225   -1.6784
   113    226      6    0.8466   -0.4518   -1.1655   -1.5318   -1.6692   -2.0460
   114    228      6    0.8417   -0.4813   -1.2802   -1.6521   -1.7992   -1.9229
   115    230      6    0.9723   -0.6388   -1.6474   -2.0959   -2.2642   -2.3683
   116    232      6    0.8426   -0.5032   -1.2800   -1.6803   -1.8259   -2.2955
   117    234      6    0.8623   -0.6122   -1.6742   -2.1586   -2.3074   -2.4643
   118    236      6    0.8642   -0.5668   -1.4379   -1.8672   -2.0299   -2.1668
   119    238      6    0.9387   -0.6001   -1.6880   -2.1739   -2.3474   -3.0552
   120    240      6    0.8165   -0.5025   -1.4891   -1.9711   -2.1376   -2.6043
   121    242      6    0.8137   -0.6746   -1.9006   -2.4238   -2.6030   -2.7751
   122    244      6    0.7747   -0.5415   -1.8057   -2.4011   -2.6124   -3.1593
   123    246      6    0.7769   -0.7851   -2.2764   -2.9044   -3.1328   -3.4235
   124    248      6    0.6906   -0.5997   -2.1993   -2.9895   -3.2657   -3.9587
   125    250      6    0.7760   -0.8869   -2.6652   -3.3805   -3.6358   -4.5356
   126    252      6    0.6691   -0.7010   -2.6282   -3.6421   -4.0240   -4.9053
   127    254      6    0.5606   -1.2716   -3.4466   -4.4275   -4.7536   -5.7704
   128    256      6    0.5747   -0.9445   -3.2603   -4.6126   -5.1186   -6.2093
   129    258      6    0.6368   -1.1108   -3.5599   -5.2869   -6.0143   -7.4908
   130    260      6    0.6628   -0.9432   -3.2706   -4.9806   -5.7375   -7.3798
   131    262      6    0.5555   -0.8659   -3.3848   -5.2419   -6.0304   -7.6296
   132    264      6   -0.2501    0.3311    0.7363    1.0694    1.2365    2.8597
   133    266      6   -0.2264    0.3229    0.7153    1.0409    1.2051    2.8022
   134    268      6   -0.2125    0.3140    0.6970    1.0169    1.1790    2.7568
   135    270      6   -0.2452    0.3218    0.7213    1.0516    1.2176    2.8310
   136    272      6  -11.4405  -12.7963  -13.5314  -14.1705  -14.4123  -14.8493
   137    274      6  -12.1283  -13.4741  -14.0430  -14.5155  -14.6869  -15.0476
   138    276      6  -12.7658  -14.0526  -14.4924  -14.8192  -14.9399  -15.1973
   139    278      6  -13.3732  -14.5312  -14.8829  -15.1054  -15.1933  -15.2950
   140    280      6  -13.9155  -14.9094  -15.1980  -15.3660  -15.4342  -15.3737
   141    282      6  -14.3791  -15.2294  -15.4656  -15.5977  -15.6513  -15.4457
   142    284      6  -14.7752  -15.5119  -15.7039  -15.8049  -15.8451  -15.5129
   143    286      6  -15.1208  -15.7633  -15.9191  -15.9902  -16.0174  -15.5760
   144    288      6  -15.4297  -15.9879  -16.1124  -16.1558  -16.1710  -15.6355
   145    290      6  -15.7094  -16.1902  -16.2866  -16.3055  -16.3100  -15.6914
   146    292      6  -15.9651  -16.3744  -16.4437  -16.4414  -16.4368  -15.7453
   147    294      6  -16.2014  -16.5439  -16.5870  -16.5661  -16.5540  -15.7966
   148    296      6  -16.4221  -16.7012  -16.7184  -16.6811  -16.6629  -15.8453
   149    298      6  -16.6295  -16.8487  -16.8398  -16.7881  -16.7650  -15.8917
   150    300      6  -16.8264  -16.9883  -16.9533  -16.8888  -16.8620  -15.9360
   151    302      6  -17.0131  -17.1200  -17.0589  -16.9834  -16.9538  -15.9776
   152    304      6  -17.1913  -17.2430  -17.1560  -17.0712  -17.0395  -16.0166
   153    306      6  -17.3674  -17.3569  -17.2411  -17.1482  -17.1161  -16.0495
   154    308      6  -17.5336  -17.4634  -17.3182  -17.2185  -17.1869  -16.0768
